25
115
2
91
30
2
1
11
20
58
86
3
1
1
2
142
1
104
54
109
1
47
132
3
28
3
1
131
117
114
5
82
67
10
2
6
99
151
125
93
49
167
4
69
46
98
35
127
27
83
2
1
68
1
146
1
90
13
1
29
32
137
25
87
18
2
9
1
1
4
133
25
105
98
1
33
66
7
1
1
70
131
2
7
105
1
128
101
1
1
46
24
20
1
182
41
3
1
1
54
109
50
6
1
141
1
1
106
117
133
5
121
55
2
103
86
47
43
46
1
133
11
1
2
103
29
4
111
122
2
92
89
37
115
13
23
1
92
8
1
54
1
124
97
71
101
84
63
1
34
5
11
112
98
4
2
3
21
81
28
48
22
104
51
39
2
1
117
37
2
1
101
130
4
101
101
2
90
26
1
129
27
6
86
19
7
51
1
23
1
2
1
110
6
1
169
9
68
1
3
16
4
9
11
127
1
102
5
5
39
114
12
92
3
9
97
106
214
140
154
23
44
4
1
46
1
35
7
114
1
1
1
40
120
1
39
5
49
3
3
41
25
70
2
14
1
84
16
12
116
121
7
105
2
111
92
129
13
22
138
102
120
3
208
29
43
1
89
89
2
2
3
96
2
1
5
1
2
111
2
2
28
9
140
120
3
1
155
5
3
120
116
6
118
2
118
60
1
93
71
101
1
26
1
5
1
19
11
1
1
88
32
11
6
7
93
132
33
2
1
2
42
62
4
2
2
132
77
2
12
8
1
1
10
36
1
6
7
1
82
42
1
65
1
46
144
1
1
1
158
55
148
1
1
42
6
138
2
99
40
77
212
2
92
7
172
164
6
116
2
1
1
14
1
82
107
1
1
57
85
99
7
92
135
66
1
3
2
119
5
116
7
129
6
1
15
80
3
3
92
1
90
1
1
44
2
91
1
2
97
1
100
96
59
63
83
103
101
1
86
101
117
105
2
91
3
2
10
8
92
40
1
18
3
91
120
89
115
72
5
2
5
1
2
1
125
58
4
18
26
115
14
3
76
1
39
96
1
103
5
4
17
2
3
81
62
1
1
24
1
53
26
8
20
121
40
70
117
8
186
18
35
6
1
5
12
139
2
108
3
133
1
87
139
56
59
15
140
1
104