0.0
1.0878109999854206
0.4135279197886529
1.2621103948868322
0.0
0.0
0.0
2.1250821534676985
2.3042876469791698
0.4695637233371676
4.665398893611709
0.0
0.0
0.0
0.15897134260161982
0.4879281072155136
0.0
1.2462847084099267
2.699069039030251
3.0417849687323946
0.0
3.0972522447495456
0.2297132334490717
0.0
0.0
0.0
0.0
0.7985839989459087
1.3975122689385475
8.347958485670492
0.0
2.6792054800856238
0.0
0.0
0.0
0.11856913648591533
3.1856976428404877
3.8039207010624154
2.8406179025826495
2.085695707404809
3.8639120484873417
1.1928607572248207
0.0
0.0
3.708673394257782
2.0819836839561425
0.0
7.065228772001023
0.821015458180473
3.6572898708295756
0.3098906231650436
0.0
0.47926079146785355
0.0
2.2015645208584066e-235
0.0
1.7664332298678926
1.6087632506793488
0.0
2.1094749767044125
0.0
0.003294684400655506
3.294532228153982
3.524145822950645
0.0
0.0
0.0
0.24640199539995097
0.0
0.0
3.7324311558766956
2.4478407889207316
0.6682133845274372
3.1370096583111917
0.0
4.473008323157534
1.5702469298477926
0.0
0.0
0.0
3.633661717466392
2.7647986807082954
0.0
1.1155909342553905
3.7097326409763083
0.0
0.48283663246139485
5.498030932777468
0.0
0.2791986063631777
3.0112597946018753
0.0
0.0
0.0
4.094686539517398
1.1978032394800022
0.0
0.0
0.0
0.0
5.054449738391428
1.6525260673167448
0.0
0.0
1.54517989933403
0.0
0.0
8.947960497741594
5.433247295685563
2.0132715682881215
0.0
0.6968903188834289
0.0
0.257537356462316
3.088637248439057
3.389765354210439
0.0
0.0
0.27666292342512266
0.0
0.9330850115089504
1.3769927541314368
0.0
0.0
1.3300432370099928
2.6971616591398604
0.0
1.1012063878213336
3.4801330892502294
0.4601871173622114
7.803716968961356
1.5085696114112044
0.0
1.8769923690900614
1.0749298257688622
0.0
0.0
1.2789611372818963
0.0
0.0
2.540215940127116
0.0
0.10003279897899225
7.810891188138422
3.5391781854268656
0.9652413211828198
2.2166267307996836
1.516910230313596
0.0
0.0
0.0
0.0
0.6040482366879951
1.0974771494784572
0.0
0.0
0.6542007202157352
0.0
2.144070120580698
0.0
1.7829419665812043
0.0
3.551134287246658
0.7212308204121893
0.0
0.0
0.0
5.233143443316908
2.0922741930930484
0.0
0.0
2.231638227254989
2.061627849184494
0.0
2.141212408681247
3.1611969381218903
0.0
0.0
0.4365257110882607
0.0
2.2742176472383884
6.831689727927831
0.961474830230082
3.3120123334072704
0.0
0.0
1.167710238678516
0.1444589940622716
0.0
0.0
0.0
0.0
2.85815630956332
0.0
0.0
0.1000930829895113
0.0
0.0
0.19554101892580047
0.536287909803951
0.1269470899945989
0.0
0.3716713774757932
0.0
0.2785273605839261
0.0
3.700326614674026
1.0168093415728212
0.0
0.6057792333461066
1.67185428097702
1.6628845874870861
2.970982186716749
0.0
1.866588047756879
7.812438584865918
5.1336837163813485
0.0
1.0128266992938362
2.998112831187371
0.10824562220391246
6.21393993865732
0.0
0.0
4.556048935228699
0.0
1.167758655877775
0.0
0.8236522487419153
0.0
0.0
0.0
4.944477741097356
1.789668544722543
0.0
6.354172989177298
0.0
0.7967114556443721
0.0
0.7081462615147426
0.3113854752184908
0.559326670292222
2.2441695101837325
0.0
1.4618391984509103
0.0
1.6472237791485305
2.788474463156977
0.00011500732766293806
0.5678941434652303
5.990157901193187
0.0
4.552842355376442
0.0
8.141503227113619
5.057910105074241
4.259962039395869
0.0
0.3567614746510757
0.4604889875101086
2.4835150102178387
4.380125898573428
0.14746973487212905
0.35256286638303524
0.0
0.0
0.0
5.28370039510768
6.080379801517903
0.0
0.47617925179329523
0.0
0.5066240281439579
0.34772675096984507
0.0
1.3064073176113917
0.26873234215214875
0.0
0.33367327562938576
0.0
0.5184338069974169
0.21216580465432286
0.0
1.2872233163622437
3.7729084257173073
0.1644321096012701
0.0
3.06600782718127
0.0
0.0
1.3910287920592737
1.1271449407231968
0.0
2.7667274339743324
0.0
1.7642138303036554
0.0
0.0
3.0403255210879214
3.192872156404486e-135
1.0286208454894226
0.0
0.0
0.24292758919413152
0.0
0.0
0.0
0.0
0.0
0.0
2.715498260677282
0.0
0.0
0.0
2.484068638134375
0.8540919434366363
7.030094738872373
0.0
0.0
0.0
0.0
1.5553913727326167
2.9839531836285
0.0
0.6160750051723389
0.0
5.737454070868862
1.9432894532121052
0.3423193420290653
0.0
3.177960166289864
0.0
0.0
0.0
2.638892208328369
0.1019579048178677
0.0
0.0
0.0
2.7827881565802275
0.13660967590884618
0.0
0.0
0.0
1.4812798669660459
1.3438968734217154
0.0
0.0
0.0
2.618559794775216
6.406849973097025
0.4030715958250744
0.0
0.14008354932485856
1.376310034875994e-221
0.0
4.423029740145986
0.0
0.5327668526376452
0.0
3.458666536559105
6.293863848757284
0.0
6.321898955344645
0.0
0.8791316716433695
0.8538699015928705
1.7022030760362168
1.1560248816079652
0.0
0.0
0.16713856009893913
4.737021122275841
0.0
6.135161020372645
2.6679424786016845
0.0
0.0
0.0
1.3724079923875177
9.4559455139159
0.0
3.626976255066605
0.8036294336986594
0.0
0.0
0.0
0.0
3.072269871227962
0.5681551515785023
0.9872993762002698
0.0
2.689750459196518
2.020770615105746
0.0
2.848726383557805
2.7317348398931713
0.0
0.0
2.8080232759473205
0.0
1.726307087253487
0.0
0.0
2.6989603277582033
0.5376524118936311
3.065245873719659
0.0
0.5008362629364443
3.187785769968848
0.0
6.09645799981772
0.00011666561932285161
2.1636531926584146
0.0
5.102732664752328
7.3283713825665675
0.34332645852120824
0.0
5.307607664503859
5.230321129697849
3.1806697038263354
6.981152812832534
0.0
3.6747748102572206
0.0
0.44369899984577943
0.0
1.8093215861969465
1.7214506944702859
0.1687438918045986
0.0
2.8248787167590947
0.0
1.2284121936326209
8.079014221348851
3.155159630470363
4.28152522790308
2.987282776097798
0.0
0.0
1.6996634556229464
0.2030112798634729
0.0
0.0
3.55121370666094
2.459924431121276
0.0
0.0
0.0
1.399178300653595
0.0
0.0
4.999302150917794
0.0
0.0
7.864830030921879
0.0
1.392201902025772
1.2396463559887625
0.0
3.6907197551422963
0.0
0.0
1.5100975516234822
0.0
0.0
0.0
0.0
0.0
2.8914174980522516
0.0
0.773786888606638
1.1962862580157427
0.5385212518094185
0.4000153002683945
4.252335227301469
3.271171447139309
1.7886181679245647
0.0
0.0
3.617732072367631
1.0793091116399505
0.0
1.1845300774216359
1.896074563236915
9.426670617766831
0.0
3.75427837643102
0.0
1.5003090440109823
0.0
5.954089752361717
6.948624977718251
5.919994182731792
2.4214000560813247
1.6665746786414495
4.655380091250068e-32
0.0
3.096581219369023