612.5329879256722
13913580.187045492
10239469.726287283
2501077.963856039
115699.82674704056
17853377.939892992
4980906.663079218
9426319.188475985
340.5702321535107
3130553.8503191946
3385.255876070517
14911678.35648213
10314410.344388101
16854304.877857957
14628315.643942744
620.8471889965224
307.6216831492832
303.9623825163214
341.13332406964685
16632267.012159413
1096427.0148417475
10403599.98996252
16660093.222018378
941.8847635118038
1146726.2204118331
303.46051206445713
386260.70362299366
237507.4759698766
12040811.976408238
16337122.84634082
26737.59010228151
19165363.751148753
10689560.476174945
318.56430926912435
1003.8257516545622
33362.016142046865
605.1801156967152
1499.8639059994448
91286.25486379386
302.13502017477447
8609349.323007092
3796.051238245458
15172978.473656213
622.2802081860111
2655558.057716077
326.29669631846025
1297.6439467521247
996.7519486715241
46148.9314658232
8321558.901988605
173844.09756914288
321.9829872434854
4783194.351526901
18201.80035550938
16053114.277641047
24568572.211096052
11821972.229341136
1553.9227014299872
21931364.206665803
16921996.481376335
703806.4609627766
314.64395048144587
343.53814053441414
327.579678610011
106770.97611603624
6347.811905318287
6763318.761577191
333.4596522861444
638.7940536962299
535217.3423794749
22924573.17537868
10640363.724851646
200801.3525745212
91460.70356631803
24800269.884109963
335.50555108964
15663049.345178332
14765484.202502377
320.62895573455467
25228759.719438013
12293684.56516349
329.0926145196868
17629719.86055648
9198286.65921617
19920636.19246573
949.5537529074102
6449613.478501045
8339235.048192842
320921.22180143994
28369853.51448886
3151.7039280393446
11071393.578966487
18955.7471878062
79333.46175998637
335.50555108964
985.054474641221
11227.901231617107
20337554.27010102
98811.40908279968
295514.5620468332
9029969.943760615
27365355.880702443
7913386.288654674
7998.050148027159
1730795.027546529
1115393.8557976265
8303608.791658848
8239747.9910390135
707483.5820621584
300.8091279232436
11092679.238761831
26217503.616414066
8591886.194823127
11516149.715761112
11423170.247148167
2267.6030511975982
5009.418546539795
9866334.349477107
101847.85194468388
2066652.4886688185
328.31426824514494
20544.81363108618
5237950.696388057
1565.8183270900518
19432327.377571106
1721760.3219348164
319.3615549741634
962.7317768158857
318.3322308128026
10961483.302632395
212104.1314945682
33900588.16905929
13678108.988079086
18274865.783185195
10801511.92107236
339.29932165028583
22897376.544796057
13159831.147017106
599.4234738585217
310.94574353840954
3791847.5814715815
6663298.766256797
13299118.270464564
307.2976807345542
9632040.333363594
2424163.721861636
7011988.98119347
1944.447962924593
6779981.743135735
295.83037285562176
1992896.3838626256
11342514.06492088
400073.3784577774
312.83739868737126
16822928.460784744
3651.3518641438304
622.2334270475819
572412.9907764168
4259195.0082514165
324.9530449857859
4830.62207707231
15985029.469494838
5477615.88538717
856204.1805086485
15829699.150907561
9500830.081508888
2290.255850210139
307.4069896803615
197964.99391393142
11331035.786000822
319.65588281963295
319.00845264075804
17728586.365474783
18222.138376033818
1251.307051465085
497266.2541709051
10658468.20521102
337.5840937647678
3542.8282185898593
12115492.530814635
15540730.479177749
338.40883949911967
4591.909606119134
15623252.957303884
15322070.212648721
9793.436084406985
316.26524477736154
81216.23382039866
308.3206010161641
20739606.21180474
1293.214764195816
5697.891950852769
332.3148709142903
6074506.773522826
828761.3221426641
2947152.556720996
664.298179778076
13521082.384363152
297381.9212280061
9548102.404784737
8595159.798422206
17332458.73622517
5044.083914540652
1066100.418412833
348164.60667819326
4649708.1978982305
15684311.431101916
304088.9020528406
515239.3567302551
9675998.187223902
320.37354140346895
12525441.757385822
325.8731921117618
8764182.136048319
11887490.384225527
20723802.189955823
331.16803017301976
328703.3690996218
9853505.654443283
59772.532242290225
14955035.826754665
4014.1948442081757
16228477.343002118
14705250.273157932
113392.12585877531
301.91365067931787
7814.932805073233
932.815550230866
2363923.6295119952
34501.364579264235
2792441.623538244
1529.0608865487611
5528856.366162963
1561.642297506702
358020.40532805683
12990667.338819055
6042275.692892244
1577364.687765428
18065463.595930815
11546212.276370324
295.994359011027
623.9782178812088
9156457.278834935
17246002.448162753
1868.2432915750144
14036.701059228873
1266.4540928667004
22853609.55760206
2584025.322705958
109023.1908093156
7943432.150844587
296.06720193186936
339.8677908013846
1250.4814313222314
1585.5962063255347
4787293.313004095
161954.54733970898
10528225.280620778
9759803.488261206
1557.3146602457061
20183583.578701273
16022.207893526704
308.7782699321181
21095228.0264556
14870469.833335033
112160.35621276475
7886825.632353962
10556245.048004132
313.07567810231814
1879.9549626844857
3484.3529016732787
214084.53758044055
4328652.238281622
5073333.1416746555
119199.98287725991
118309.25350915418
21085358.486767136
3198.4096887662063
7297.910595973574
20800309.77805484
338896.5875766886
6705.56545775669
1336.9477121809075
3119.5157454854775
1548921.6431165277
19350055.737255726
333.69045015936194
8780850.484730182
9550069.844009768
822794.780771017
21621030.552499603
17844835.517294217
13620306.964474674
6475609.446997677
310.1141880679853
455081.9271771908
12046417.75712945
18849.66872415576
21889414.26719941
10402582.94699936
17059680.420605045
1881.7177876349367
22177492.786966573
22796354.695377495
320.1177462844628
911700.1502695584
994073.0227559407
9241943.615502255
2226620.253313104
16625858.455798851
7315923.122570984
26088808.32494752
4923.224632333813
710083.8456458268
15412744.10764721
40865.5814966579
341.21674073749455
105309.79187033138
14819522.75112025
310.03558431667454
968.0526535169016
26037974.921913613
15868585.716169817
3755310.000439771
15220457.55695478
7794088.914242529
25776.418473300382
16757105.074239518
321.2918372797833
37713.41056291499
311.0891285091405
13421672.133640101
304.48468656243904
1601.9511515618572
12971867.581280535
17261542.99199477
25265686.424466606
10161494.348612804
335.0057634188877
232328.8991319982
6407993.475930778
7655830.347401699
3190713.164323223
80969.4163420444
15002439.451499896
16244830.427934617
11954360.133072754
311.26944874654646
468805.3024344654
648.5656953056932
413073.3423147522
9915453.086003598
4763946.780206546
12699756.908526374
10829989.744629096
931.1698315297795
8124676.872599874
653.8997320974738
368383.468375456
6603.905639807943
19222882.055691052
12218738.991742782
338.5088075517942
333.69045015936194
190601.6556179545
2620.4665193562046
1416151.07550818
15443471.08019266
145023.67603302732
2329486.239584691
389631.33435514447
103220.00027386774
13367.493583184587
313.36716696920865
342.5895265973405
3849.8767758198856
121923.87162279783
9766.816940440483
5508052.65992041
20202645.197274856
323.4665882336599
16270048.769335598
1188.7927203842303
23127.399458490734
343.5103572108983
22819999.571940675
3136.3476243451105
5054836.487880811
578.7721890327902
3170.036594143753
925078.4122601663
18165444.584930778
226795.18428646377
401139.48562869173
344.7018492503685
643.3175774406659
136154.82803264723
306.98349796864443
304.4442879654766
14610487.05344135
21237177.727988925
2083629.9259177498
20223249.182382956
10009662.442237258
123429.45476045314
319.7197941689812
1547.0187119089303
1488390.0897171262
27972768.790845186
151852.07292895037
648.038309148799
306.2323450020294
15503409.191990726
668.1161962199003
8426959.0072279
1355948.5612586536
1914.4652161780782
6499702.727382013
113868.6517739479
2570.969857811694
629.6788176439243
663.4297052012004
19678728.23061744
17003150.24361285
17244824.63844811
14597705.8157989
610.7008318323296
162329.52425252766
322679.72084827884
15051.380876496189
75010.3689221459
455701.7181974944
309.94617689338645
19926624.622489754
1949.4478124525263
5092.473657349414
610151.3089313974
17971338.475255813
302.1234692647542
6775663.897493281
107548.46001165135
302.5966060813112
3889.909420379116
2897.045950303085
495312.95365548047
372403.7144782212
112115.09905067546
951.3782195481579
17427059.701449666
83483.4515706243
25019.863797093883
24324176.479880996
9168760.467924263
321.1704797528854
14343840.769572493
335.9030803998911
14946980.360772388
27039137.175616167
6566.9148975391045
13947154.070474483
2637.592971881325
25826978.51793285
1918.655376214355
16496.535021361615
6929516.628286305
116372.16079215356
614.9425279267925
15383188.260706948
296.97224307279123
118608.08097534213
197744.68922126063
710794.9946001372
673677.7462458273
7657892.358956717
10385385.160900712
24279370.182606567
4172.265437063064
4740022.930410684
16027716.018181622
15661959.685672265
9402262.794171473
1265.335503283554
87973.19057345214
7629018.886961991
94294.06888493743
16930217.7104205
679.7520746908272
18158810.52421563
111747.18393107608
42877.65425516504
18839290.577392228
1877.9260663827645
324.9530449857859
15807991.955768242
626.543346057932
4361.606675536031
23624198.7484011
6868367.151916618
105856.43091989582
18005299.80287299