2
209
135
51
2
103
50
36
1
25
8
104
157
91
81
2
1
1
1
96
12
122
95
2
47
1
9
42
100
112
28
105
124
1
3
35
2
5
1
1
111
5
162
2
35
1
2
2
23
135
2
1
28
14
117
114
165
5
106
90
5
1
1
1
1
10
107
1
2
7
114
106
3
37
107
1
111
99
1
100
108
1
120
97
147
2
105
107
69
127
4
99
15
1
1
3
11
145
1
3
73
131
124
9
10
12
55
98
59
1
120
118
102
130
113
5
9
108
1
33
1
21
38
5
106
49
1
2
1
79
52
226
140
91
108
1
127
96
2
1
39
53
110
1
103
45
99
4
110
1
34
128
15
1
152
5
2
5
60
1
8
86
55
6
87
107
5
1
2
131
1
1
106
18
2
18
141
1
6
108
95
1
8
117
94
10
1
1
1
125
3
9
1
43
6
41
2
122
19
141
103
96
5
18
19
40
104
41
10
90
1
98
1
121
147
108
1
6
121
34
74
6
110
72
5
1
8
2
35
27
46
5
57
3
3
93
46
11
108
105
1
2
86
122
4
15
4
89
25
1
101
1
1
4
3
50
75
102
103
3
96
22
1
123
98
1
116
129
1
4
6
2
45
63
1
1
89
5
9
151
7
12
2
6
31
101
1
109
135
6
116
94
169
88
1
39
120
16
88
84
112
5
97
111
1
65
37
56
55
122
110
120
6
4
159
19
1
1
144
1
3
97
109
81
120
99
20
124
1
35
1
130
1
4
58
104
115
68
1
30
45
105
28
6
98
102
110
1
36
2
3
100
64
109
91
3
121
2
59
6
108
125
1
1
2
4
29
123
29
41
58
1
12
1
1
8
34
10
31
99
1
116
3
14
1
112
6
46
2
7
100
112
3
30
1
2
47
1
1
96
99
51
139
80
1
1
3
60
118
28
2
1
105
2
102
60
4
97
1
3
2
2
149
143
82
98
2
2
12
18
1
3
1
90
4
9
26
132
1
128
58
1
5
6
37
4
1
3
147
40
19
121
104
1
129
1
77
86
10
84
4
107
4
19
105
1
2
127
1
1
2
38
4
56
83
105
9
63
122
95
111
4
2
47
3
86
2
117
1
33
141
4
1
99
2
9
94
90
1
89