0.0
0.4916803089441199
0.1835803499727993
1.0448489930021114
0.22011806457154606
3.68335359394172
1.4956573891980112
3.3564042221712103
0.0
3.0646618608931133
0.0
1.1817270003724083
2.440478652926469
2.4915813826575004
2.578467660371266
0.0
0.0
0.0
0.0
3.7342643874947887
1.9014236313670225
0.4015183707092928
4.619776890905958
0.0
0.4666969307469768
0.0
0.15057288804219082
2.022882481269423e-06
0.25502965029050784
4.30858856340583
0.0
2.9734950265273388
0.0001086013137302104
0.0
0.0
0.0
0.0
0.0
0.16844590712257385
0.0
0.3840366795116297
0.0
0.3626991783866759
0.0
0.7672501093231546
0.0
0.0
0.0
0.0
0.6394787448115895
0.44130267769063836
0.0
5.8871774006572055
0.0
1.7935365739779046
2.803445134214213
0.14643916871680762
0.0
2.0060292335431864
2.625106593856206
1.3245555622201186
0.0
0.0
0.0
0.17431870722216225
0.0
1.2567277616436505
0.0
0.0
0.8720101677976999
3.2921226925166183
2.136360579828649
0.25415632142944156
0.0
3.4147466649239395
0.0
1.70425686960168
3.3630738869511285
0.0
5.381267641558276
1.765930008522399
0.0
0.8773368678904648
2.384255674794201
0.21288515059441704
0.0
1.7555416491925016
1.2596832822856074
6.812826009569339e-09
4.225102337238446
0.0
0.4989940534013649
0.0
0.1373200372767472
0.0
0.0
0.0
2.673405461364657
0.28866723352115414
0.40862527171638463
4.170388800650124
1.159425694103193
2.1961610256171866
0.0
2.2183361760841644
0.0
4.48852113123088
1.1036872649807483
0.42753567099716694
0.0
1.206037066217774
1.1787585741642979
1.551820789091993e-06
2.6352083511012957e-22
2.3999657186182977
0.0
0.0
2.0680463873218855
0.0
1.1204940815742757
0.0
0.0
2.396933975475796
0.0
6.810428783029441
1.4036420046244849
0.0
0.0
0.0
1.9354755644548025
0.0
5.915005173491155
0.5882092999996509
4.033715529444993
0.44655466023098916
0.0
5.734110261328217
2.9539358512751748
0.0
0.0
1.6761424841391381
3.5923539963911173
0.10991980230202149
0.0
0.7999443477148666
0.6764696840550767
1.4458854675947357
0.0
6.451713422953268e-56
0.0
1.1637857227423472
0.8195920111490427
0.8615549801284799
0.0
1.1654963146993473
0.0
0.0
1.1566583655624312
0.9278375273411128
0.0
0.0
2.585825878667061
0.580391960924007
0.6410489489909749
3.434026821235427
1.2484082570045478
0.0
0.0
0.5345708044076747
0.5369812895001175
0.0
0.0
4.312921848039275
0.0
0.0
0.0
0.35376155469021425
0.0
0.0
1.588505589715974
0.9683039601689576
0.0
0.0
2.2407888204563484
2.957261538516007
0.0
0.0
0.19002068523549098
0.0
1.8356194717954746
0.0
0.0
0.0
4.393630436550247
1.4713350504910903
1.3619968154089654
0.0
0.6540611363231245
0.0
0.37013515092395194
0.4362188685775166
1.3441523042887862
0.0
1.4238824417718237
0.3249968526815658
2.6011850815613657
1.9356940322955238
0.32126233848010943
0.7800082976896225
1.0641816941437454
0.0
2.12317981388634
0.0
2.7003274299279805
0.8184624220680774
3.560763158815235
0.0
0.4791597217381325
0.7681466047699647
0.0
2.7333790528697604
0.0
1.6828222288096002
2.2062370433147347
0.24827288173905526
0.0
0.0
0.0
3.115305845710367
0.0
1.3693723132530256
0.0
1.2431903850565567
0.0
0.5467883850266445
1.4991935286799933
0.7236746472932938
3.7646743840492083
1.4792304421570386
1.073470151203128
0.0
0.0
0.5569483304637189
2.8259217983345986
0.0
0.0
0.0
4.201469482395676
2.2265717868480364
0.12023673738219004
1.4889903319343187
0.0
0.0
0.0
0.0
2.8119764826148845
0.0
1.4186785982433718
2.265138147305829
0.0
3.567867527162954
0.0
0.0
1.6603577278017656
3.6543316797391188
0.29953141126948174
0.37503924971178315
0.5086704960043302
0.0
0.0
0.0
0.4904863909068948
2.317985774615805
2.3055625177293355
0.2887659095549763
0.2159017752927818
7.77034315585303
0.0
0.0
2.0036909478034257
1.019699354150088
0.0
0.0
0.0
0.6773961164046602
5.329483908620156
0.0
2.516412955937977
0.7934679762874902
0.8177086530369658
3.3015887357549136
4.692822922925004
0.2549781833324297
1.3629711704678977
0.0
0.0
1.637843819263349e-11
0.0
2.9998864898162996
2.8920291487518646
2.0044503926405786
0.0
4.790811607587204
6.175421198199881
0.0
0.5068603423823876
1.4733858615043927
3.3443653727930207
0.26669033051960234
4.109471289928688
0.00011072101643147825
1.9668721572636838
0.0
1.2288625375178457
1.3234843156429978
0.0
0.0
0.2463492318599399
1.3498366544364493
0.0
0.0
3.4320191107394398
1.4053819384621506
0.32656657895481717
2.9004246084160115
0.35421174001220834
0.0
0.7910995003690684
0.0
0.0
0.0
0.2377336790725872
0.0
0.0
2.7075775752992306
1.7378478836294708
3.282922011121307
1.3180352273173999
0.0
0.34254030675951574
2.57464554504879
0.6550552295345783
1.5447325041610664
6.824533486040826e-05
1.0895932995944442
2.9926526219686953
1.2931567357917904
0.0
0.0
0.0
1.1045999327804672
1.5405619385882525
1.7087113885302168
0.4400716689164359
3.250307916469687
0.0
0.914403560999764
0.0
0.0
0.0
3.0954930206595583
1.0862327766664905
0.0
0.0
0.3293910833189961
0.0
0.9927726430381113
4.466193357843961
0.24827288173905526
0.9104632469371422
0.0
0.198510958251082
0.0
0.0
0.0
0.0
0.0
0.0
3.5404064019017922
5.444243893635051
0.0
1.4861073669990603
0.0
0.0
0.0
6.149776128015258
0.0
2.3715426656425342
0.0
0.0
0.0
0.7422128684731463
0.34123201427014
0.0036554893827861696
0.0
0.0
0.0
0.0
0.0
3.3268571891758225
2.296765173995606
0.9242239111971852
3.3317631219332555
4.109339974960598
0.17650054590955852
0.0
0.0
1.7948405677894312
4.9816912449216835
0.040019793721326274
0.0
0.0
2.9216972655355344
0.0
2.124048940003751
0.022755793742869436
0.0
0.37602470055039966
0.3199721453536474
0.0
0.0
0.0
3.386304923773113
0.21288715736174676
1.8945202143286521
0.8431483434004333
0.0
0.4859873731201093
0.10049676424032901
0.0
0.21288515059441704
0.7409302525352431
0.0
2.1778963785513388
0.0
0.0
0.84633091139562
6.010872230794497
0.0
1.491956913771729e-11
0.0
0.0
0.0
0.0
0.5377377627614004
0.8607971728660433
0.2586788462476666
0.0
0.9966905006256265
0.0
0.0
5.518524526288856
0.6414751187428122
0.0
2.4120376218823094
0.0
1.651468632736831
4.860067399381681
0.0
3.0470648219798324
0.0
6.018980175922451
0.0
0.0
0.45844765453029
0.10507626731718296
0.0
1.9704027444860486
0.0
0.3292697013834699
0.5543572351685406
0.0
0.0
1.0664972116500393
0.8814798189070906
4.0948796541979124
0.0
0.6339253654115702
2.1756723114464216
4.8586036350781185
0.8704794746619734
0.0
0.18811481803194657
3.394056862210897
0.16451363675569264
2.3507717578161667
0.0
1.9785454191842557
0.24827288173905526
0.0
1.5938346450413245
0.0
0.0
2.4531059311656005
0.0
0.0
4.042709744038847
0.5641980798912196
0.2691223145924074
4.155248593231771