1
2
4
1
1
85
1
1
100
3
1
86
1
1
91
10
10
3
1
1
1
2
2
3
1
1
1
1
2
74
2
1
3
3
75
1
1
1
2
1
3
3
57
8
1
1
2
3
1
1
1
77
2
2
2
1
1
1
98
1
1
5
2
57
1
2
2
70
1
1
3
1
64
64
1
1
2
2
1
1
1
2
1
4
58
1
1
1
1
2
1
3
1
4
2
1
1
1
1
4
1
6
1
2
1
2
2
1
1
5
4
36
1
2
2
1
3
2
68
1
2
2
79
2
3
2
2
1
69
3
1
1
1
1
3
99
1
1
2
2
1
1
1
94
1
1
1
1
1
1
1
2
1
92
2
2
1
1
76
2
1
1
1
1
1
8
4
1
3
5
1
2
65
1
2
2
2
1
2
1
1
1
1
1
88
1
1
70
2
2
1
1
32
3
2
1
1
1
3
1
2
4
2
4
1
2
3
2
1
1
1
1
1
102
1
1
1
3
1
1
81
11
3
1
2
85
1
87
1
2
1
1
1
2
2
1
4
1
2
2
1
1
1
4
1
1
1
66
1
66
65
1
82
1
1
2
2
77
1
3
2
1
2
2
2
1
1
1
1
2
1
2
1
1
60
75
1
2
1
2
1
1
1
1
2
1
3
5
3
1
3
1
1
3
1
2
2
89
1
1
3
2
1
2
10
1
4
66
1
1
4
1
81
2
1
1
1
2
2
1
1
2
3
1
80
2
1
32
1
68
4
1
1
71
3
1
63
1
2
1
2
1
1
1
2
1
3
1
1
2
1
2
72
1
1
1
1
1
1
6
2
67
2
84
1
87
4
1
3
2
2
66
92
2
1
1
1
2
1
3
79
3
1
85
2
2
1
1
3
4
1
2
1
9
3
6
2
72
1
1
1
1
1
1
2
1
96
2
76
2
2
3
37
2
1
1
6
1
2
1
3
1
1
19
1
4
1
1
69
1
1
5
10
25
1
1
3
1
1
1
1
1
119
1
76
77
1
76
1
1
70
97
1
1
1
1
1
1
2
4
2
104
1
67
1
72
2
3
1
72
1
1
1
80
1
1
3
2
1
3
18
2
1
1
1
1
1
1
1
1
1
6
3
1
1
73
3
1
1
2