311.65187545555807
645.4661137866487
1226.6820603244687
305.8918383940981
334.3412145744209
6404967.751287339
338.73337040296775
307.39287657129347
5505722.676999044
1309.5191022971571
335.2982934363821
7471342.0826277
332.33434981459686
332.95062281106686
2074392.5254133448
5598.123508008508
1901800.15837341
982.0101131329851
319.2781964118479
304.0619436543008
319.7463667446584
178007.08083478102
593.9520502103379
436571.91383170645
316.3629130822428
308.5805847725683
311.73403488317956
309.1339709682338
166900.7905875849
4130562.054843485
628.999606006103
327.03909224407903
1251.7822073678508
940.5388637457543
5924934.990487252
314.0259826370751
325.04745052257323
298.21975868288735
630.923259596742
305.1603971656022
940.8369826679339
962.0485657760671
3459508.6549185533
1550536.1439447915
300.3101577341329
301.3270567783682
625.8600460217972
1216.6523785129796
296.78307015735953
327.33655089302744
318.8988940429603
5757383.331352486
634.8817540673024
609.8397106114828
961.4604282204607
307.10453310796805
297.5463841249186
312.94015600191636
6561079.649121237
339.2284924045149
295.2152610880174
2256.5255233324197
637.7431548948448
5499347.029397002
302.12545731255733
643.793050924424
647.021702626434
6355976.082020007
312.00071635377805
311.09384926017646
1926.9271192753722
341.9688804922923
2590799.829615574
2734464.9312206763
326.53824007825796
320.9387818511551
636.711033442444
632.0409534740377
304.33847824383275
100141.26373839947
118906.35864313474
596.4744501654213
344.9068372275792
1930.6445258227884
2182400.3198498813
329.0883758103803
298.72972075145833
302.46090218912485
340.471942147091
606.538288284146
322.9515840587191
216829.78841796436
336.16517866517415
1604.3055513796635
628.02423903304
326.7844629308494
319.55263627242414
327.76973230995077
330.4995552696082
1212.043707829336
312.3631923128878
560699.1448619061
339.0879745658256
580.9151503757273
308.1738919135883
605.4696781894726
656.8277987643419
321.23556226218545
342.39376580878854
326552.93517035677
373022.42966035387
1012562.8402798767
321.78525590947686
656.9788755702614
648.7224480198554
117596.617533019
954.0210645701006
615.7756956256126
3541367.612923837
298.61001578379336
637.2716677565102
184891.7228671243
2964756.0637965114
642.722740398452
968.7453908965356
648.2858128747928
646.2333424099359
325.86545093331546
8980637.627225513
974.1424717262457
304.97380984248247
309.11515761464864
325.2359380368125
342.28301983536153
1223.8319850747191
2822003.212764237
342.9012765319265
342.1258754532369
650.1614680267377
995.4171689284667
334.3602576936141
298.423916305714
112594.23168521473
6830953.178584111
338.92560673217304
342.05068831319
331.09331826637344
307.647499857452
304.65743085460707
316.7895688073582
341.52826699323396
653.1025156571561
308.4697257904303
10207034.88570234
662.6062691291961
656.0894422252861
338.7393283877666
87941.8263184194
7547087.377290081
616.8373959484663
336.2971527191463
316.3857976937044
334.314529094043
321.16528470332935
343.43656150458224
3118.276917588333
1251.018493578821
335.90948399278807
1273.4414256860632
2884.201836308742
328.15856921463364
114150.04254252845
3178500.0448079305
297.3451180639902
637.6888705624565
634.1128756819528
608.5763906212833
343.0855468345443
651.5029334446067
342.28301983536153
295.7926581004787
91874.25093263166
299.44453088682803
342.49103700967015
3662332.0671374793
329.2041394250691
327.7640297345815
8769444.360602558
627.168270658635
615.5545930833778
300.5695153987483
296.5929432509805
958923.9916034816
954.6903707931593
164377.05868957005
106894.17697913172
341.2465959792012
75569.60234261693
1563.468546097091
317.6848942882274
626.2723051714922
1305.1731664844995
641.6307610955064
1318.7448358579204
329.91465616645814
629.1479713314882
894.6062615636249
965.1343930841308
323.33361986378577
344.6001786322776
306.0358824117299
314.28701569348164
305.8918383940981
4347820.692393249
303.3080472249623
344.3611765478473
316.76976871335546
964.7893725061581
318.4243824229222
343.43656150458224
6650805.4375671595
866754.5485925332
287328.7298795582
319.6456921320778
203075.1028724002
8563789.406100608
334.87475641630704
3620887.314287362
313.34812505396377
84500.2320002687
310.1977412523415
317.81007021583065
338.43551178433495
951.1937448619814
1262.809398739935
120067.305337516
493512.7335018531
335.84779937909747
610.1495873308279
976.5825512465312
300.4551887355514
305.6303643621217
308.3256465028138
1216.7617672568347
333.1366023658103
330.90887557985627
329.937144375006
2732642.725083147
311.6317831931156
7682655.739333717
6755979.125285613
314.5128416359844
3445440.6830308596
337.0946082022683
85182.6740556322
322561.498195289
190640.0097405352
3904184.772436007
330.70392085184983
311636.5367564653
629.36169884202
305.4569427770018
1009.7837322942296
664.2478052565405
932.7222356344188
337.17359801695324
336.25406055844974
322.70180022203397
303.1949568641467
649.2406073132569
326.89065438933585
235246.89375271468
327.7640297345815
333.32735240137254
4109805.944414224
2484672.149239346
309.5393831737712
948.2921064816263
338.43551178433495
925.2241976708337
298.59214134095726
311.9898867202862
296.99667915345003
88062.85242398438
229358.42760734214
321.1554174681414
989.1759135440966
219579.5025749054
95925.23599271367
343.37435554425065
972.1875699689563
313.7912905580865
311.74903029600944
339404.07601396256
299.8816558728539
610.2414262129832
640.2673396395201
8996024.464747773
297.799530693809
311.51084853405655
414301.8495048926
112208.52109885572
304.3747794574702
622.8717403589236
7999.21802213579
306.53626691848325
2181.4969716654673
2476607.7463924596
297.9052053208858
300.3101577341329
153130.50200803284
295.5864712159991
4250415.084255663
620.4762119040417
303.9307542424619
295.17008957114825
329.9414564932329
630.1757913436529
978.0744335354764
301.2104429873787
316.0925976230783
663.7529757914438
119154.61884873362
320.1554920764208
10319984.723297004
592.0172781748413
298.5131787607043
4669631.134289852
320.7958063524506
7877157.873207088
551385.2123242607
311.31683657283895
304.5907949796605
5691801.683604352
989.6124524701368
102348.6598105883
5643870.800555144
333.5048352368599
647.2047583671701
312.4569630033091
652.1043599557656
314.28701569348164
337.3263206713956
331.5229973899824
643.4921706533931
333.90570985927127
123825.9518114782
303.63172880594436
83367.65217208552
636.7160544523011
328.40915894652596
642.9400614554065
10366503.304826802
314.0259826370751
296.99667915345003
316.62287086059143
298.1470634773679
341.1473996917423
313.4077272801076
1907.6247466036966
948.8628071687323
3097640.660807369
674.1286582364293
6319869.831481614
307.0647835841507
1840407.7644357637
455602.44456330256
338.386880490366
934.8106185895149
647.4214193142208
286999.63083565194
3135915.588390093
5620731.244575316
648.1026963463186
338.20785022992555
314.6199336252623
317.6848942882274
641.1656465752437
100698.33934476532
1285.3305772928418
4347698.59372223
408382.14469585876
296.2473966674922
5806418.325672249
619.4127217281558
582.2850131382733
304.2382548848947
303.60870781626136
1231.7223773034318
397763.59754977014
317.09887556248736
178237.53547323903
341.9688804922923
95102.91779802341
445923.24011344643
1299992.5735493288
637.7014162529875
3579229.6606617123
321.55766410503384
335.84779937909747
304.6601314293743
298.6822471351665
296.5929432509805
327.8809341962493
123489.04944534949
312.3631923128878
5768155.374606984
654.2167656911823
6270300.449555268
658.8573658151145
629.8630699927007
1232.7430268989488
1094395.5653592325
641.3961338392733
307.10453310796805
318.80066765543796
699285.1078242629
334.3602576936141
601.0777619569337
330.5814338674839
984.6962470104211
344.7974444010597
299.4293685773262
720124.1560821853
344.2606403549387
599904.075363806
331.4762151580609
76671.08873967362
7619271.940573346
340.18143234748186
342.6284541014764
1617.1669515576295
272821.20520842937
1966662.5538319375
338.73337040296775
299.7125939476719
260973.53579199128
309.24668986438786
110915.78713327125
324.58615804806533
341.52826699323396
334.314529094043
3006360.540118316
302.72260584189615
5173978.235120572
6969996.786970025
310.5411673131255
3655427.9271910917
305.6303643621217
342.5506661410469
10786493.898654174
7023958.723297704
120799.05596227857
305.09352788454504
304.82980940790014
318.3012249310329
77220.12227586647
328.50522802316215
1008.0720613374281
1572.3936912256127
684.1909756982698
8147732.160299138
326.47886471703805
4901181.858027782
324.39311325550113
5370468.2475643605
657.6732197660224
941.8964895350205
327.7555368185332
5472976.396130122
332.6900811710443
339.6084469401741
302.1414015147778
10112916.80638198
302.3197421409717
333.6297890848193
928.5562633818276
636.8922804204565
316.44794792251963
953.2082225308545
781923.8597276879
604.8243546696734
340.544895311064
309.5979236104535
298.6014239662492
332.99784516553314
325.6014758591644
315.3837097201907
334.87475641630704
295.4113986215868
330.0779391027387
3196.2722608936174
450493.5659503586
325.04745052257323
340.7041386821792
7675803.179565229
1314.949417421823
105306.06817477544
327.7555368185332
658.5151903885101