1
1
1
97
5
2
3
1
2
2
1
1
2
1
1
2
3
1
59
5
1
5
1
66
2
1
39
1
2
1
1
1
2
1
13
1
1
2
2
2
2
1
1
78
1
1
2
1
1
1
11
1
1
1
1
66
2
58
3
1
1
1
90
3
2
3
1
2
3
5
1
1
2
1
34
1
1
2
2
2
2
1
1
1
1
112
3
1
67
67
5
3
93
2
2
60
1
1
1
81
1
2
1
1
1
1
1
1
1
2
74
1
1
1
1
1
2
4
4
2
60
75
1
2
4
1
1
1
1
2
87
1
65
3
1
2
3
68
1
1
4
1
1
4
1
22
2
1
1
1
2
1
2
2
1
2
1
1
1
1
2
1
1
70
75
1
2
97
1
83
2
91
2
1
2
2
1
3
1
1
1
20
1
1
74
1
1
1
89
63
1
1
83
1
1
1
90
5
3
2
2
1
58
1
3
1
1
62
2
1
1
1
2
2
5
19
2
1
1
1
1
1
1
1
1
1
2
2
1
1
1
1
65
1
1
2
1
1
1
1
1
2
1
9
1
1
1
1
1
1
1
76
1
1
66
2
2
2
1
1
1
1
1
1
6
1
2
3
1
1
84
3
1
1
2
1
1
1
1
3
1
2
1
1
2
1
2
1
1
3
85
1
66
69
82
1
1
1
87
5