0.0
0.0
0.0
0.0
0.0
0.6630449797333581
0.0
0.0
1.614689670762932
0.0
0.0
1.9577184499125786
0.0
0.0
0.42292365445069496
0.0
2.319213025769091
0.0
0.0
0.0
0.0
0.22429574970892074
0.0
0.6528434773298551
0.0
0.0
0.0
0.0
0.4619186514481812
0.8128770875423964
0.0
0.0
0.0
0.0
1.0232481777182065
0.0
0.0
0.0
0.0
0.0
0.0
0.0
0.5484112760116778
2.669110872762773
0.0
0.0
0.0
0.0
0.0
0.0
0.0
1.6782992735386262
0.0
0.0
0.0
0.0
0.0
0.0
0.5607179929080063
0.0
0.0
0.0
0.0
0.7606773624604583
0.0
0.0
0.0
2.65716735011477
0.0
0.0
0.0
0.0
2.633183333979091
1.016844701420719
0.0
0.0
0.0
0.0
0.0
0.24558523975349558
0.3069105602558688
0.0
0.0
0.0
0.5846989284543143
0.0
0.0
0.0
0.0
0.0
0.0
0.0
0.0
0.0
0.0
0.0
0.0
0.0
0.0
0.0
0.0
0.7696996090459118
0.0
0.0
0.0
0.0
0.0
0.0
0.0
0.3998315032683434
0.6823209813459629
0.6942788528348657
0.0
0.0
0.0
0.19774533704437658
0.0
0.0
0.6476498383817089
0.0
0.0
0.3357102091156409
1.7742025928780383
0.0
0.0
0.0
0.0
0.0
0.9805622064999677
0.0
0.0
0.0
0.0
0.0
0.0
0.2498804503476456
0.0
0.0
0.0
0.0
0.0
0.0
0.1699369674080993
0.27770344407325376
0.0
0.0
0.0
0.0
0.0
0.0
0.0
0.0
0.0
3.4060904631420823
0.0
0.0
0.0
0.2917979586581975
1.3148829355110712
0.0
0.0
0.0
0.0
0.0
0.0
0.0
0.0
0.0
0.0
0.0
0.0
0.1592068366015057
1.7392042453923586
0.0
0.0
0.0
0.0
0.0
0.0
0.0
0.0
0.29771306531632735
0.0
0.0
0.26029872642745033
0.0
0.0
1.2468996068594165
0.0
0.0
0.0
0.0
1.3086085335094937
0.0
0.26999640923999857
0.25130472233945417
0.0
0.18004413438157155
0.0
0.0
0.0
0.0
0.0
0.0
0.0
0.0
0.0
0.0
0.0
0.0
0.0
0.0
0.0
0.21074993728763214
0.0
0.0
0.0
0.0
0.0
0.0
2.7164990845157555
1.9101370579691235
0.0
0.0
0.21965485077822977
1.216260254794289
0.0
1.1394945007295306e-06
0.0
0.2657137298321794
0.0
0.0
0.0
0.0
0.0
0.20051603488040004
0.958081637855035
0.0
0.0
0.0
0.0
0.0
0.0
0.0
0.0
0.0
0.0
1.3169650749976805
0.0
2.818748500380173
2.5471646502631247
0.0
9.021782576937571e-27
0.0
0.19851928476807654
0.6229218943672811
0.22545736611692496
0.6332713192726918
0.0
0.4689478667481321
0.0
0.0
0.0
0.0
0.0
0.0
0.0
0.0
0.0
0.0
0.0
0.2347139048257526
0.0
0.0
1.1199314974067485
1.1710814913029495
0.0
0.0
0.0
0.0
0.0
0.0
0.0
0.349117388459643
0.0
0.0
0.0
0.0
0.1608845827081982
0.0
0.0
0.0
0.0
0.6335613130838752
0.0
0.0
0.0
1.2830606837368352
0.0
0.0
0.8447206101587638
0.17041298880258163
0.0
0.0
0.0
0.0
0.0
0.016601146671959943
0.0
0.0
0.3973873506104822
0.0
0.12710980623141296
0.0
0.0
0.0
0.0
0.0
0.0
0.0
0.0
0.0
0.2515262479112206
0.0
1.0984680124610915
0.0
0.0
1.3354303832064296
0.0
0.22307339835133436
0.9297848458855438
0.0
0.0
2.06901968387549
0.0
0.13152156286990496
2.579448245639087
0.0
0.0
0.0
0.0
0.0
0.0
0.0
0.0
0.0
0.12808764680614584
0.0
0.1713958642064407
0.0
0.0
0.0
2.2522839469662026
0.0
0.0
0.0
0.0
0.0
0.0
0.0
0.0
0.4053101396312151
0.0
0.38756984065097716
0.0
1.1141708544146675e-70
0.5021178415853875
0.0
0.0
0.0
0.0
0.3038379287510745
1.704030727523021
0.0
0.0
0.0
0.0
0.0
0.12391236790704133
0.0
1.2169551903601707e-70
0.47622537414340427
0.0
1.3794007514543394
0.0
0.0
0.0
0.0
0.0
0.39411764886872747
0.0
0.1733806397484343
0.0
0.240433556337553
0.9975390472714387
2.6849358879788863
0.0
1.0823624376574197
0.0
0.0
0.0
0.0
0.0
0.0
0.10379506342042294
0.0
2.1185891066673657
0.0
0.6937546590695867
0.0
0.0
0.0
0.2006260745292424
0.0
0.0
0.0
0.9512584507208468
0.0
0.0
0.0
0.0
0.0
0.0
0.42174179008026047
0.0
1.2927850100885334
0.0
0.2940164487609835
0.8754281538892261
0.0
0.0
0.0
0.0012375957043333997
1.4749979991774074
0.0
0.0
0.6376179971840528
0.0
0.1775235621958606
0.0
0.0
0.0
0.4473488631947384
0.0
1.934092012134248
0.4520481112541008
0.0
0.24919636389415517
0.0
0.0
1.2271448020297975
3.9305637048054485
0.29525820501999406
0.0
0.0
0.0
0.24291589194227114
0.0
0.0
0.0
0.0
2.8182370077477055
0.0
0.8352702254398154
0.0
2.2963523413452203
0.0
0.0
0.0
0.8798490411630097
0.0
0.0
0.0
0.8886375257756295
0.0
0.0
0.0
0.0
0.0
0.0
0.4342398158464551
0.0
0.0
0.0
0.0
0.0
0.0
0.0
0.0
0.0
0.0
0.0
0.7531567117811633
0.0
0.0
2.183942352116674
0.0
0.19581508846161697
0.0
0.0