7490.594356503651
330.7336020869441
222102.300735009
2833.0008840026453
11210290.977042316
2291462.1639604685
2203.1306048813512
2074856.2593059677
349611.9634207149
319.24605620645434
4048901.9891648144
18712482.79153685
75947.60967661615
170860.150424826
79678.96914700109
8127391.713626851
13258330.555505374
2510.6343990625974
608.1407221767454
4592474.865507856
947.5059596614469
713367.5441869722
4287581.055713585
685.0028278236825
8669025.368400281
319.826204973655
169295.68289833923
4847444.164450684
341830.8502763902
9152665.426711379
579.57285050064
248799.65498733096
9593968.146983491
320.2253295024246
303.7676528541339
1617.3672244599816
6619368.462702115
324.69667896392224
9536324.003515014
4992107.294917416
893942.7454978258
2921751.502607756
8213906.065415092
73936.89854425911
4289.356042370329
80627.29530835332
1319690.5364609251
333.4603187808784
4065.6472178888384
656.3957938244112
308.11080249296674
776214.6603189559
7077.5343071399
7096.526864433815
11638525.82865975
9529647.04377258
7571704.242162022
4948723.161416168
9361474.742558295
6321660.118645983
1165998.3258973467
3995.7070345408188
1034538.7329975031
9561961.183856204
4664243.090107423
2461.834190867254
5604803.820785181
10707115.716553237
662938.7819751716
195145.54701446806
1598.1264493667672
7035173.961178038
321.43256949511715
947.7934490959351
985.0258100071114
10144159.150433607
423204.54606537276
14054415.090679709
16019761.776826195
321.51483959978344
2529492.1509496924
10053436.437448235
327.06233364454306
8283347.3052585535
8777716.9757339
191469.69437945163
2245.2108729574575
8433119.904790215
11964310.158847477
9818130.66139925
7027944.098248238
118160.5935833469
322.0191077848835
12628975.175444933
2049103.8047749142
330.56403347305775
11423.963427142873
1471878.2426486516
11132067.793851025
4507619.657344428
620.0948054003442
322.297598975985
11147432.226835018
344.1088553937526
4675558.3678270895
758343.2468896273
7251342.931926023
1326.3419217130593
3134893.5018006237
11626861.929964868
7187.961473137168
314784.82116875687
109552.48038155511
11262694.549400942
5038.723800137179
703066.9227341335
8453284.837561468
9112500.764947617
13270346.13987486
9427089.957795726
9346400.32852223
8324119.294222285
7441944.404703072
965.1513003272647
215403.2527440429
632.8498125866112
5723169.088628293
4805.175968830502
9632332.57877728
982.8889597681405
8822807.253201954
932242.0738709209
2857298.985091643
292802.6795042584
343.2188733429326
304.7987991805173
9277336.07915698
324.25861961687957
7295267.039841139
3992509.6104772277
7364332.489379094
3726.9519012775745
1591.082679479197
295.1391518484815
619900.831287337
4551571.72956118
7426180.0596867725
9550886.301441606
3988963.4504863154
5288869.041427884
4969237.793302532
89053.2884317066
329.90936952847136
7953642.04816178
9198783.614284456
1324.6815104677175
8286224.81536586
597441.7590719792
4326024.05338675
296.0106758172313
7043848.348503232
8929224.41483452
188177.18411002262
9698578.094698573
106882.21755369968
4166168.0630347934
698221.0995472298
9099584.189039227
325.87558926027333
1585.6229836363593
9745374.544082277
340.33173400549725
4294.684327234633
667.4170305730715
312.257629979564
328.8308811860693
1287.694367133499
332.9465696426741
10276030.703314278
3838.1847213806427
10369.766384455397
5754.708422723876
319.826204973655
440659.48496769054
10368525.05263875
9738402.592944976
3853849.214322285
6073603.487195921
5214395.553507097
5646586.960336266
13639.505388537744
4526854.919681565
5972917.488961155
319.7154725959624
5341004.014894693
24313.815507194056
3612043.5398730845
305.37333362427694
6280.06388808708
957.4551411587045
4444.430486329551
11989312.214336386
662.0129630561769
226278.53765306826
295.211050682445
317.4814100369415
7330721.730775822
228408.01956743014
209370.77541252878
1686804.510951338
3489.934889419109
145543.71754648958
193354.43854671338
342.2651438836265
654.6781295588754
8410419.492178245
1875.8041754602623
626.6143930610183
9129334.924984187
5529.318863531038
2463.6679744841877
341.1156146672306
5274838.276583039
633.552925913154
2217.1142590796785
4001045.8744709576
10831942.464323293
6307410.832081465
2803.7625742298637
2707103.7700146884
1401030.8904910611
32208.066243362897
11818729.670323264
4064541.3119871714
4739.001088381217
4610982.441280028
323.3340652889573
614.8934142425096
155307.33293520345
304.2873644828973
10207756.222403174
638923.2917597984
10665555.81658395
118949.95455266626
319.7510672461515
655998.2556770602
50236.73407879573
12211685.353816036
2849.8941388586527
1294.112741205832
12655645.556810806
103751.55450943852
302.28278415747656
974.1778393509246
1514.188490016588
3417045.5230849143
287283.0950137545
635.9893631398152
299.088220301159
57443.55801201603
1289.1284754987091
4972282.275969372
116332.66705808166
309007.2598192394
6018464.295396687
672678.7773248431
8310416.055429256
171599.19914447542
4082.3712960354615
325.9774272999519
5698077.3178501455
46999.67233992325
2863189.9561532587
15459.003855484028
83882.2008539161
2818454.864361963
979.0688460035865
1513.3113653865612
6180619.574001351
21615.07908540728
8499.723487124666
8603589.135144042
1518.9210322629294
6866289.321969653
2913.006791673594
331.07649313761635
9693732.617472956
4977615.295262479
328.59627571739816
6876590.526817775
6289492.4770374885
1599.0256522697814
19563.800822772013
310.15784064253836
6694.099855854559
7777540.058621954
2358.2226135838187
991.3094700408533
1435507.1153868788
8032976.538103257
28529.869867799407
10859744.07794339
8756011.680111267
4417391.831553441
90055.64984131495
16118.579306192985
10525685.946316026
328.52211925677614
7751059.115253141
5957388.37401824
5109355.687389744
1533.8635521026272
14166291.585399438
657487.5913169679
33784.537231164766
8244.344142856295
317.3325763561745
1057298.536065431
334.80087340138857
2208.80119263981
5101942.790097271
7078982.8626611205
11580874.939337695
9680.493045639132
5527772.725898485
311.99156311817734
3128.2458387820943
306.13759110970005
8458959.377923897
369985.67576385225
7200.305982613443
322.1103137028252
7241.530280783409
6822465.468179055
8099529.5582785485
5248433.196048363
305.04539983798503
12518693.866334163
11939.035869572803
320.0425694790378
199342.50404212213
318.597185480493
332.68060098057333
7416008.844309507
588648.267973488
7255595.373366657
12215009.65440102
301.310688656451
8901.353158334601
330.394470698815
9290589.035607127
8596934.038475834
330.1933042386414
11673198.905736847
298.5700493132771
625.3222013298064
6865881.440980717
1347562.264399794
344.46171974082193
344800.1442492813
81247.51385637111
934.748531085487
16594.905130655596
6610558.2692028675
11201168.470727054
6229167.401205601
335.2864655987537
317.09783351603784
311.26924984371493
319.7917408361804
6967438.072430903
9140.112333342711
3572412.3538721325
613.6187659614146
6517349.945628403
4055522.5850504725
52361.043943310724
3736.184102889874
1584.212569626478
615.5609400288013
41127.72826930959
5260620.623870511
440689.7158029674
49851.16085999389
327.49205247824045
995.3933240497042
178944.36014681996
7275539.319597524
9995474.380201966
12718984.487090763
677.4384209942164
5907911.8569981055
445564.65251668805
306.156689702201
12386.54346456922
7493547.886837327
1238562.7680644242
599.0708463019141
314.52206041062146
1597.6662393231811
310.1771479317726
10296297.923668342
608.9861117129151
330.9390794240023
8608856.1829881
16120238.704684006
621.1556213063461
9762183.774091935
791148.9286489224
118582.16609941926
12644357.229833275
1887.596944114947
299.02403508564964
8218802.072557445
5431563.264043371
3647487.717507979
12607554.645132054
1559.6182032044435
13845233.107360223
7451235.723080603
10768361.102984482
653.0790981742014
7853917.162942483
327.11669138581186
8661.495719174522
641.0439056135376
11448881.288290821
6357.082648668031
114724.78297155998
329.47308471865085
632.8402239261914
8853715.108653726
7789.112152465554
334.13943949232294
11041249.525716463
98524.34227214454
4731.901292055696
140125.9300980385
309.7790536161786
13690.139811805842
5239638.797140941
7250209.921874596
1778431.0791990813
183341.40939270056
11168731.559277887
1843409.0364123695
8674690.49680537
1289.0501312877436
1651.1719101206081
40898.176818773645
297.09045599131315
5302418.499585206
7796372.672355597
151190.9509491623
108916.1641453404
4330877.492688266
6406045.562672626
320.81163175609817
1913145.574828594
212736.35312897782
41984.962806378026
86682.55406221893
15376.272584304046
4856670.71709879
327.12102158462415
9979679.000556191
1973381.3828148607
2689.943760029375
5944088.177255772
1579.2108570419516
10872902.204638757
217594.7563089698
8362951.361167382
95179.35321292025
338.995089121034
6454244.209570294
5172507.123202418
330.5383070045739
644.1371618318108
6369783.971382398
1822.4134242230377
663.7617368329766
5795306.189146425
332.76028676810324
3806.115563256664
2218460.6753939847
140481.0382972401
69516.1980815959
429311.28993910726
12701007.617697643
309.60390908146536
1966.377720262967
8665659.39513432
15838.94563817785
991.3541592701338
336.0449673867108
3564935.4422114766
5826.205775471674
674.965793074072
311.2397540563811