8
1
18
6
119
51
6
48
3
1
84
95
37
58
42
85
104
5
2
120
3
28
105
2
200
1
26
105
59
137
2
14
111
1
1
5
167
1
139
135
33
48
147
30
9
1
37
1
9
2
1
18
10
14
84
126
130
104
116
104
60
8
70
170
68
4
128
98
69
48
4
86
1
3
2
101
34
112
93
1
43
132
1
100
148
2
6
135
146
108
107
2
1
85
48
1
20
31
168
120
2
1
86
1
111
24
116
2
46
133
11
5
1
94
6
14
95
110
104
85
117
110
112
3
2
2
119
8
87
2
120
41
87
21
1
1
110
1
103
65
88
6
3
1
49
130
105
84
87
125
80
1
1
105
209
4
80
38
84
1
142
114
22
105
9
82
30
134
1
4
103
1
5
2
1
1
3
1
79
6
12
9
1
7
129
85
54
86
92
74
13
116
98
1
113
18
104
1
9
3
9
83
2
74
1
1
98
4
2
52
6
4
2
1
2
86
5
2
127
9
4
1
96
2
6
63
144
127
7
45
35
26
141
99
6
98
1
2
8
1
100
42
93
67
1
5
31
190
4
3
116
1
1
2
4
95
3
2
1
31
3
92
1
62
90
45
113
26
8
1
106
40
40
14
1
90
2
3
127
13
10
104
4
104
7
1
117
87
1
139
107
3
17
1
11
113
4
3
55
100
24
107
118
109
2
18
117
1
139
127
108
4
91
25
23
14
1
51
1
5
144
112
91
12
119
1
9
1
105
46
10
1
8
117
141
84
1
96
13
1
6
1
1
90
7
113
103
1
11
1
135
121
1
138
1
2
91
16
1
4
1
3
12
96
94
124
1
1
1
1
98
10
74
2
85
96
33
7
4
2
40
116
30
24
1
3
2
84
90
100
2
86
33
1
13
122
29
2
1
5
1
104
2
1
81
152
2
92
30
6
120
3
1
117
132
96
94
4
91
100
100
2
160
1
9
2
84
8
3
1
2
101
9
1
107
2
6
1
1
21
120
95
58
58
116
71
104
4
3
30
1
108
74
6
2
36
89
1
36
25
25
2
16
95
1
94
52
8
123
3
77
26
101
16
1
154
107
1
2
94
3
2
138
1
6
40
1
48
41
84
1
3
95
15
3
1
84
9
2
1