26
7
2
2
1
36
2
76
12
89
102
24
2
1
2
5
26
103
1
1
3
67
107
94
106
1
1
148
4
4
1
1
5
70
98
1
62
106
1
9
19
1
2
89
174
1
1
22
1
1
10
75
1
87
3
1
116
1
74
6
1
1
120
1
89
126
1
114
31
7
1
51
1
149
98
13
1
1
71
2
8
9
1
6
77
1
3
16
1
10
51
117
110
1
2
70
179
16
7
1
121
1
1
110
4
1
1
3
64
108
12
128
75
1
75
35
100
133
81
8
5
1
110
105
164
139
1
99
1
133
127
1
15
113
107
1
93
30
99
1
138
1
96
5
1
126
12
2
23
1
110
12
5
5
58
68
104
1
20
1
105
1
61
29
1
10
1
76
1
1
1
15
140
2
1
1
6
22
74
119
4
70
90
118
20
1
139
5
1
92
2
34
100
2
79
12
120
90
137
38
3
1
143
1
106
47
75
25
5
1
11
3
6
143
1
138
3
170
1
2
53
144
9
109
2
80
64
6
22
91
61
2
75
75
15
2
7
3
78
30
2
1
2
121
6
1
35
1
83
196
3
2
6
106
1
8
13
1
83
8
1
106
91
55
36
1
2
2
91
1
154
9
7
7
120
104
1
108
139
1
99
1
10
79
8
110
105
17
99
96
7
106
4
110
93
1
72
38
1
102
116
103
104
34
115
3
2
2
171
1
21
2
68
1
9
16
90
139
76
66
1
3
88
30
118
58
38
88
96
50
36
6
77
114
55
107
2
5
2
129
3
13
1
3
1
1
1
142
3
1
2
1
92
7
2
2
2
5
133
113
127
1
1
1
5
1
10
28
64
60
104
6
109
1
31
2
9
19
4
104
27
129
134
13
106
31
50
3
37
100
100
76
98
5
2
1
75
141
110
97
120
96
42
1
14
4
145
1
97
35
96
3
110
12
126
12
1
2
5
4
4
165
2
4
1
96
5
5
33
56
51
172
79
49
181
118
4
1
126
1
116
43
4
1
106
1
1
1
87
3
113
1
43
10
56
4
30
4
7
1
33
88
138
1
157
91
95
1
93
13
83
105
2
108
110
93
34
95
86
48
30
47
35
1
4
1
135
1
51
102
1
16
1
2
68
1
6
6
2
53