3633892.3314966923
5440.799101889626
658.7379107344516
199487.43729884853
295.0590342804041
75799.1053259776
964.3852017181438
12221100.13618355
8239.252457602046
21787138.54741376
9908396.974294214
26610.399927373757
615.2328937904367
327.8917912307984
649.7058794726756
283937.2395485915
34637.044517720635
26255449.43193007
321.33274495381573
296.85626137131885
930.8304138856748
11795172.341152038
12354719.463489652
13204468.846853588
11769625.614765415
303.3999897249093
313.15507810608847
27010185.417851917
304260.32420867315
596564.3458102943
328.99841290242733
344.332001977974
271688.3138771795
954825.6758001706
22658130.5138801
341.57185653699497
1040598.3963888654
9729849.120182116
313.1878991490496
4718.5822396984895
521439.6090104818
96998.75943415132
962.04212452906
27271763.079639107
22238259.708787683
323.00882500742233
337.9569950267314
32302.859540835623
122416.56905485681
338.34560412873043
6261.726612668374
9047954.505224613
317.9603786197651
13191442.278484562
882.5748223013239
307.1267644201374
27988026.716044243
332.34393922682585
22017613.558294334
3132.6826332663186
334.9281808585949
116576.94802159198
24206372.903768733
92736.39359347215
11948996.777040048
23010647.69631129
109534.208433847
19280463.401392464
290260.1316928139
2790.6896638623584
335.6998753766697
190487.15286814643
116216.94810365108
41785932.46004563
15097690.181896526
680375.2094168727
338.0620205670856
316.7610811436511
13972179.640466513
107264.47080709077
4332.838194347669
6808.502159713231
120026.31513230334
943307.9478528672
16398892.42597629
105813.49811637355
1268.9205090099697
9756.829498515506
315.0852515666346
6274.487526372495
3251249.9100032574
9556929.480810925
10485422.591321252
337.9759857277602
605.4699291380189
22989024.025418464
44439246.39523723
899914.2911171692
4155.247793986825
340.09613777726435
15926916.561094189
300.0650936913096
329.03247438572294
18332783.550720144
1541.2311361844809
341.5564139198302
344.05573470623193
928.567643503103
1012476.2911376754
12069699.141313042
11379.35298235709
9159071.776256233
10167278.887826705
97300.66292733651
2449588.283571422
4692740.537071521
24327851.381576438
10391025.591405235
27253362.806355618
3707.9073350493336
2572.1064538040237
92736.39359347215
12626081.278013311
13783306.310127567
19553987.167170748
14287284.133147301
334.9281808585949
33425255.991006255
75122.92558832704
8735257.966963693
16658070.269236747
310.10896168664
15037.253056794782
9922078.227514446
47269073.41902015
88118.78457437533
20758803.025890984
37274.836632821556
48853033.4753546
104502.08251806529
17226890.463747416
339.6416434545936
10234172.64799585
2551.4098745568404
334.22092823548354
25237677.005687382
6370.851282496685
638.6911414242394
34550.685339708885
300.57708955065704
12286869.532316934
1123608.9984070922
4460.605799120298
3502.5226918283524
161854.1819519134
12446788.957541898
12169523.70569499
112378.24093242764
16464.222296312124
328.17334529829697
15705871.775150223
321.4972008017437
131573.48394378874
45372.12923322678
335.3453813607561
93641.06749210213
295.34985209060414
7320139.971802981
94452.73947599842
329.0264364350594
299.9816120133503
152087.82641419733
39268946.107705735
966.8391319526374
113733.80951075887
304.63508083705125
635404.526160874
28779.494131116993
201452.11348858557
24952531.490479868
1665.0031484926196
30527721.72069156
17745603.685658433
40865269.62418152
19469.242601188445
342.0810624101078
24171665.862472896
107347.49922064344
319.32100788820014
28259838.536508583
654.7493382568105
32171.121416794173
13765246.363556622
633.990183375314
11983399.492119405
1611756.6940090256
35914058.5159584
152909.3588352055
16064667.05011609
53846.049008116934
121967.5712140529
295.82427730260133
13957088.89450429
313.6580688405193
9930491.630985169
605397.4010031483
37014690.35893206
7050115.059340308
3027.8329082752925
331.2020832669539
612626.9705994667
188696.6749135703
3763.1260329016923
14316264.782704785
310.3755605454466
25760091.74527175
1544.9421900053396
18804648.03433446
331.2020832669539
616.5221199083917
91314.95467442596
27768652.298618622
8788.061655325853
31189753.24794127
667.6267008117402
19250589.381634172
7463810.447705609
3540.12917299564
22857.83132720975
20402906.270410575
14296372.690326575
894.3468719548648
19251826.48696001
16141926.40453637
260724.2466624809
97791.13034603064
242383.32532358856
1597.5618813132082
23882677.271661606
2747278.8480320424
622.617117339074
325.0870329669188
631.2698844584725
22052984.427621234
2874.3438654387687
310.8538257787325
45497.54872198384
296.8743255047349
16616231.940501269
20698240.339082837
940.8171532285535
663.369362002557
118708.61205606344
30166023.776739046
319.32100788820014
1175419.6479243645
1994054.682956211
321.8316162747384
231760.0402314218
6897.501493274069
335.9542507231104
27794629.532594316
21269264.781828284
146809.56346055196
288024.3867872336
338.89359888835367
683.7935459220231
280873.9160632569
32758933.684490208
83201.49650681496
11268440.804165896
1593940.582435817
1144659.844497354
3462.2213741456667
10926951.060448268
24862500.890988935
322.07739291639643
16619016.382513788
17070779.465453066
313.60841208906874
14586207.309732277
322.53057952809564
10875.13414899952
18908803.217445683
4621.024157448259
13188415.00951057
17414973.72498152
1334133.6943998574
12937352.847982334
10446039.351391278
4637.071197443248
16835707.59800924
2228.5972467239935
20409190.458917517
18968745.670812692
338.4858649883429
17143232.960619945
4074016.754176044
115784.641085801
20220644.875927817
9758133.846890451
18078294.432554137
19591478.47613871
11109239.734034711
14197517.319041355
942.9616508390576
646.3802230779188
207360.29396332105
19194484.72724705
314.00926571094215
50678.18089203471
970.068143044894
25275257.084981002
333.3973761046068
299516.30769398203
460628.2949466364
16521782.237024134
15230294.030268287
24186972.317821562
122944.4019443185
112670.14882461628
331799.2432038627
10384881.026111366
45427.09312918047
29258382.106092926
7087582.103725699
797299.1654193896
34854844.33543239
11589787.490731962
11567334.910876915
4506962.567810765
205919.15914571262
15948456.181799237
24848867.222588107
9877727.000337912
16864551.340863068
87438.54453450536
328016.83076284535
618.3757427141916
16405559.69230608
418161.8414217901
26070.395876269962
333.32200860420267
1590.0345140568893
313.219212868225
114389.34015309681
320.58146422788684
18265556.44976127
209481.35681779715
312.2522824658617
622.7809228137301
328.76775311933153
36704897.26977838
2871.8457882347907
612.739930244931
168821.04782002923
630.5450917977337
1598.2099941910565
28433573.754808992
13109049.030024793
16073795.959168447
341.2771489516972
301.7284096235251
338.43389730507624
2139.137371705521
149791.75572993341
4790.531625161194
25358.269983642367
192585.37960838497
10498550.029116638
29593591.408746414
3223.083695068146
9478883.646751055
336.4085415399568
1411501.1283286016
660.3877036779784
620268.2447451924
1348601.3281930652
1563.6198860303255
18174614.40044889
362290.6853001854
16917983.727740463
22613138.88204385
8739.817919336198
10701405.96591031
3183821.6830854556
15889561.203697504
244430.6719218922
990494.8977652614
22723191.34988578
11449418.181193685
13395553.667332394
10799151.192341873
184462.12972437445
618.6688398776457
339.96385055959996
13578923.542175334
14649268.157650303
9501025.55581345
19990798.95505824
14820140.485641073
9006460.122203255
732507.3875622982
117280.22166040713
14912.45198552375
3441.419455861193
22895067.360356364
319.166854676332
14948350.29179582
6370847.797278654
15544202.674805947
934.285957269411
13094935.609321766
2019239.5527100193
35748959.90134535
15784.890639025494
310.10896168664
198180.55756234383
1878.4066982290037
2867.7704423406153
1883.1956850773079
22822160.140487537
82609.99741270633
2190.2024376884615
87741.02231220657
10489046.972806102
1053170.3816518884
778617.4952713194
5780553.695522151
7273265.639633371
7961087.767927996
25200444.596956637
1516688.4002216156
7952676.4897761475
28788790.05034992
13588236.717383109
2205.7867388891755
337.76408274640283
45559596.11290824
307.23367614223065
20401486.219568934
8241644.78310216
1562.3180534880487
313.4713464433308
23952297.5768773
318.490922759878
325.6566206118307
319.0263764066715
11621542.249584254
945.6917841810978
21067540.442798264
340.9565654484854
333553.35268173245
6123.157978196643
125771.26069544493
554526.4606976213
346874.870639424
1283.5007576615621
4116.838090247661
122416.56905485681
56265.21748521229
7705594.448142943
11183333.02269194
312.8303740047861
17213380.256951522
9560744.297314545
16480169.53714108
299.00966500292117
8645571.96964322
16793.989874505027
10029139.691948084
14929981.216917465
964.4106015686239
42851359.990421295
31005723.55610901
9894485.008127095
6477469.71449066
11831709.932303159
11674839.057489447
958102.019014329
5079336.153639774
6542051.4067379
471894.1507081397
317.9104590928534
1236.6939466708634
82310.4325704237
29362338.1422124
332.3546020918395
22531582.460975826
22131976.630781133
298.49262521324454
1100124.2888907453
84232.34942277224
224896.83461701672
11388421.384294283
324.344360128139
4080.6434697184877
126811.0890837605
985.2604078455659
3492006.0990029546