3.0387276487590675
0.0
0.0
0.4261658480686417
0.0
0.0
0.0
2.635700112819477
0.0
2.1007288890266844
0.6445757457317607
0.0
0.0
0.0
0.0
0.2519276085673872
0.0
3.766406021435183
0.0
0.0
0.0
1.4928704394465173
1.533348132327475
0.2207955108832015
1.103788947441716
0.0
0.0
1.0382387335401457
0.7730487603171872
1.3745546707628586
0.0
0.0
0.0
0.4483137135859994
5.2864508259584815
0.0
1.1759534364999649
4.173337655026896
0.0
0.0
0.6071199755407698
0.16679713509785568
0.0
3.4306292765087743
0.619381342628558
0.0
0.0
0.0
0.19697966701002928
0.0
0.0
1.3716367555488929
0.0
2.8985049722929195
0.0
0.0
5.323040738527202
0.0
5.237085480657545
0.0
0.0
0.21184010249885943
3.685190481117789
0.3143697513616386
0.7467317594444046
3.2262158442991398
0.2386936177041264
1.6341643226566414
7.923765674628965e-09
0.0
0.0
0.0
0.13751224475872606
3.112901279266888
2.8653054590534075
1.1339621022390807
0.0
0.0
9.14488815987816
0.17452614986282078
0.0
0.0
0.0
2.237104837662581
3.5939653552544986
0.25929104939801134
0.0
0.0
0.0
0.0
0.7458305636442707
1.3155987434899903
0.16397836530625243
0.0
0.0
7.423533172188189
5.763988382997912
0.9307651018485222
0.0
0.0
0.493929813559231
0.0
0.0
3.3569692719744144
0.0
0.0
0.0
0.0
2.4371993027692405e-22
1.5515187432680044
0.0
1.1356314700745157e-14
2.4914181654386267
0.1871030624892598
0.0
3.1365217808667194
1.2024844463013467
0.3819487142754592
2.08442595237347
0.0
0.0
0.3143697513616386
0.3237376745490314
0.956556158800188
0.9379466209657281
4.243792720565509
0.0
5.048172731955327
0.22040281578449564
0.70312178599526
1.3307389902117221e-157
0.0
0.0
0.531450265074165
5.369078149526938
0.3328930481462261
4.543666940253081
0.0
7.119196653324854
0.18761510707056656
0.3070532410674492
0.0
0.8157201243129389
0.0
0.0
1.2132808175499035
0.0
0.0
0.0
0.0
0.545442824904403
1.4286723089934887
0.0
0.0
0.0
7.101529541857557
0.885959604155139
0.16333476226992896
0.0
0.0
4.87095516734562
0.0
0.0
0.0
0.0
0.26090072488762417
0.0
1.3861732690807873
0.1806059950875192
0.0
0.0
0.0
5.129475143471198
0.0
0.22212127172722396
0.0
0.9140746113712571
0.0
0.0
0.9795435399876442
0.0
9.655240901934546
4.736565552402222
5.481168532181926
0.0
0.0
4.828629838729001
0.2513986991565391
0.0
3.96847201095707
0.0
0.0
4.745494419941814
0.0
1.5240886800625988
2.187293578249424
8.023693134719133
0.0
1.4339343986294129
0.0
0.2380697741655
0.0
0.8016632514878304
0.0
0.25396448081996537
0.0
8.640949439097332
4.633247264930003
0.0
0.0
1.098198859390288
0.5232228589385917
0.0
0.4561314699232517
0.0
2.9459926039060687
0.0
1.4855216161905072
0.0
0.0
0.0
2.497684146835869
0.0
3.790317266144327
0.0
4.0281783149580095
2.6688989719379785
0.0
0.0
4.413926683488224
5.14061930159038
0.0
4.263207663795506
2.2273800632310445
0.0
0.24762051746028468
0.6784246539490226
0.0
1.9069444920095058
2.3358241607753474
0.0
0.0
0.0
0.22248471881661022
0.0
0.0
0.0
0.0
3.72817814979415
0.5728628472381252
0.0
0.0
0.30582409161703533
2.070835493447516
0.0
1.8602699663312268
3.3981112367019586
0.0
0.0
0.0
0.0
4.07898996733601
5.009463391717278
0.0
0.0042317200605419495
0.0
0.0
0.8747106670181646
4.296282604874084
0.3495647048400848
0.8732496309019451
1.549795798333305
1.7330103828975252
0.0
0.447814601621907
3.4375975480074334
0.0
2.001083160368948
0.24890291474903836
0.0
1.4195187020663487
0.0
0.0
3.1716269944079127
0.0
2.422223126626077
5.574978041016072
2.9232547094967374
1.6684411122165659
1.7324354386807133
0.0
3.054172802085661
0.0
2.0413600218592696
1.601780930677464
0.0
3.859030000650137
1.9837626009383948
0.11457524892355925
3.3045568202156756
0.184434129772128
0.05582445078536279
4.024533494556455
3.757856973426332
0.4826796717894722
0.0
0.0
0.3557195453608475
1.4695321833984798
0.0
0.0
0.0
3.830445053293312
0.0
0.6534106374164925
0.6024473251272999
1.8189429976021787
0.742034635677377
6.795051979786384
0.0
0.28140115323016446
0.8887361923942079
0.8140052637111925
0.0
3.14574134253799
2.08594171824704
0.0
2.1486184750821864
0.5847572753692669
2.387584259508857
4.169767323716162
0.6472724462979657
3.1909633888106406
1.8954860340269761
5.626451275264594
4.718824773427832
0.3090636332265011
0.578803277131754
0.0
0.29439667415847387
0.526038645489872
0.0
0.0
0.0
0.0
0.15958452435195447
0.0
2.8596276735439283
0.0
0.0
0.0
0.0
2.1779993162652516
0.0
0.0
0.3925484331832166
0.0
0.0
6.118737419297003
0.46567236136111995
1.2903017792760394
0.0
0.0
0.0
0.0
0.0
0.0
0.0
0.0
3.9952384207338527
5.649663057281926
0.0
1.2530525229082938
0.0
0.0
0.0
0.7434868011709965
2.177785354278264
0.0
3.7752033765291895
0.22953472295914262
0.768925935652936
8.388208304095944
0.0
1.1183857675276125
2.630360366924689
3.150279380958359
0.2618561631048043
0.750995693111517
6.124447324498645
1.8635307776292385
1.9796235317560409
1.6321329527134514
0.43900760537514477
0.0
0.0
2.3410794158377493
0.13011897136633455
0.7602053904320746
4.8458979453646025
1.7938242337632053
3.1002164944832713
7.247827421819434e-27
0.2674412054643671
0.0
0.0
2.22290655278528
0.0
0.6938382238744771
2.5583533543264276
2.896252585806119
0.0
0.30685206656087927
2.563409123630721
2.97456993092151
0.0
0.0
0.5086625686232817
0.0
0.0
0.0
1.9645876811233347
0.11636813703550067
0.0
0.19084231533637702
2.313266349588456
2.057822182984162
1.7011358512652839
2.4749744335533808
2.2608224794172527
5.793314271422047
6.844364095964699
0.2927217324500093
2.256089363820416
1.5594023178297562
2.887755696666806
0.0
0.0
8.154067505994798
0.0
0.28782306314260014
5.322851439046897
0.0
0.0
2.7747864967291234
0.0
0.0
0.0
1.6406884302810711
0.0
4.749680318421559
0.0
0.0
0.0
0.0
0.5475135575314879
0.4437087019564551
0.0
0.0
0.19697966701002928
0.0
1.1665319668510508
1.0812956069210578e-55
0.0
0.44374142821971657
0.4975702854107531
3.9260875107312994
0.0
1.600887957003661e-11
0.0
3.606457537517607
3.150855054735807
0.0
4.905890973898423
2.197383098329042
0.16330513436027094
3.0384973536712745
1.7364958967599857
0.28162494126466264
0.0
3.4647416455633238
3.166836600817772
1.0600265362712151
0.0
0.0
0.2566511863546465
5.921150746080425
0.0
6.4816703244408
3.4531518871573406
0.0
0.9255920116990948
0.13439723701639264
0.29152037451094676
1.0155176796238303
0.0
0.0
0.31141611493902893
0.0
0.5816325585445083