0.0
0.0
0.0
0.0
0.0
0.0
0.0
0.3140283748866802
0.0
0.0
0.0
0.0
0.0
0.0
0.0
0.0
1.0190572682105627
1.2489770694892403e-78
0.0
0.0
0.0
0.0
0.0
0.0
0.0
0.0
0.0
0.0
0.0
0.0
0.9563564559380452
0.0
0.0
0.0
0.0
0.0
0.0
0.0
0.0
0.0
0.0
0.0
0.0
0.17297888848540113
0.0
1.2672540092630515
0.5868263287872172
0.0
0.0
0.0
0.0
0.0
0.0
0.0
0.0
0.0
0.0
0.0
0.0
0.0
0.0
0.0
0.0
0.7894664711098749
0.0
0.0
1.7142061984558092e-95
0.20670698926291697
0.0
0.4007320867489152
0.0
0.0
0.0
0.324404570143547
0.0
0.0
0.0
0.0
0.0
0.0
0.15266758063858576
0.0
0.27811772649753247
0.0
0.0
0.20550363423021048
0.0
0.0
0.0
5.262311944676146e-87
0.7912581584524325
0.0
0.20342440453132551
0.0
0.0
0.0
0.0
0.41544310180585786
0.0
0.0
0.0
0.3843401664178384
1.0522513118316563
0.0
0.0
0.0
0.3337656009164651
0.0
0.0
0.0
0.0
0.0
0.0
0.26653848569142313
0.0
0.6660034991281506
0.0
0.0
0.0
0.8359409013228521
0.0
0.0
0.0
0.0
0.0
0.0
0.0
0.0
0.0
0.0
5.886193196900537e-05
0.0
0.0
0.0
0.0
0.0
0.0
0.0
5.354492313437538e-05
0.0
0.0
0.3141276278055008
0.0
0.0
0.0
0.0
0.0
0.0
0.0
0.0
0.0
0.0
0.0
2.163784977132898e-22
0.0
0.0
0.0
0.2978101248288952
0.0
3.2398713617746224e-78
0.0
0.0
0.0
3.4740372408784344e-27
0.0
0.0
0.03602327023313114
0.0
0.003272053856858004
0.0
0.0
0.2832178305192886
0.0
0.0
0.0
0.0
0.0
0.0
0.0
0.0
0.0
0.0
0.0
0.0
0.0
0.0
0.0
0.0
0.0
0.0
0.0
0.0
0.0
0.0
0.0
0.0
0.0
0.9461756732296385
0.0
0.0
0.0
0.0
0.0
0.8747308123738502
0.0
0.0
0.0
0.0
0.0
0.0
0.0
0.0
0.0
0.0
0.0
0.0
0.0
0.0
0.0
0.0
0.0
0.0
0.0
0.0
0.0
0.0
0.0
0.18193289445692173
0.0
0.0
0.0
0.0
0.0
0.0
0.0
0.19514864518964375
0.0
0.0
0.5549452946487199
0.0
0.0
0.0
2.2833900904323525e-22
0.0
0.0
0.0
0.21194159258411638
0.0
0.0
0.0
0.2905663009391405
0.0
0.0
0.0
0.793484507600299
0.0
0.0
0.0
0.0
0.0
0.0
0.0
0.0
0.0
0.0
0.0
0.0
0.0
0.2960398144783257
0.0
0.0
0.43328538630105207
0.0
0.0
0.0
0.0
0.0
0.0
0.0
0.0
0.0
0.0
0.0
0.0
0.0
0.0
0.0
0.0
0.0
0.0
0.0
0.0
0.5542744407770304
1.0330523376432668
0.32220580220110806
0.0
0.0
0.2342419443285564
0.0
0.0
0.0
0.0
0.0
0.0
0.0
0.0
0.0
0.0
0.8917489048003535
0.0
0.07821132885192383
0.0
0.0
0.0
0.0
0.0
0.2892206867014206
0.0
0.0
0.2591269826642532
0.29682311982534987
0.0
0.0
0.0
0.0
0.0
0.6153237315257319
0.0
0.0
0.0
0.0
0.0
0.6620217361564792
0.1511005970321243
0.0
0.0
0.0
0.16787068536673144
0.0
0.0
0.0
0.0
0.0
0.0
0.0
0.0
0.12921258055009677
8.325473785686231e-43
0.0
0.0
0.3029741072323273
0.0
0.0
0.13113227988230808
0.0
0.0
0.0
0.0
0.0
0.0
0.0
0.0
0.0
0.0
0.0
0.0
0.0
0.0
0.0
0.0
0.0
0.0
0.0
0.0
0.0
0.0
0.0
0.4179720340337081
0.0
0.0
0.0
0.0
0.0
0.0
0.0
0.0
0.0
0.14703702820134873
0.0
0.0
0.0
1.0386283379936581e-78
0.0
0.3100920274313561
0.0
0.0
0.0
0.0
0.0
0.0
0.0
0.0
0.0
0.0
0.0
1.2434293928372526
0.0
0.43584463180098126
0.0
0.0
0.0
1.8321282867166324e-49
0.0
0.0
0.8929907247307018
0.0
0.0
4.104074829198093e-146
0.0
0.0
0.0
0.10188703444949342
0.0
0.0
7.580180223346278e-96
0.0
0.0
0.0
0.0
0.0
0.0
0.0
0.4881321198875417
0.0
9.331707528213264e-105
0.0
1.3988208544109089
0.0
0.0
0.0
0.0
0.0
0.4174825928023804
0.0
0.0
0.0
0.0
0.0
0.0
0.0
0.0
0.0
0.0
0.3168821534842778
0.47341169295708707
0.0
0.0
0.0
9.5611215429404e-05
0.0
0.0
0.0
0.0
0.0
0.019387367567920845
0.0
0.0
0.0
0.0
0.0
0.0
0.0
0.0
0.0
0.0
0.12235372465861011
0.0
0.0
0.0
0.0
0.0
0.0
3.859803569277145e-15
0.0
0.0
0.0
0.0
0.0
0.0
0.06581196923919924
0.0
0.0
0.0
0.0
0.0
0.0
0.14703702820134873
0.0
0.0
0.0