0.0
0.0
0.47484316052618564
0.0
1.6720261180812552
2.1060020422502768
0.0
0.9354157358250657
0.23171754907524442
0.0
1.5518095798267497
4.556854584283491
0.0
0.0
0.0
0.7722735953247966
2.1696031926280526
0.0
0.0
0.8812935626691489
0.0
1.1383509420126314
2.9654567985033084e-27
0.0
0.042795736602687054
0.0
0.0
1.762466967224219e-11
0.2715931079659484
0.6370843565992956
0.0
0.0
0.9088485304448974
0.0
0.0
0.0
0.044627333308558975
0.0
2.638300105218609
0.042795736602691016
0.9661306980919362
0.7204464095571108
7.631434962638717e-115
0.0
0.0
0.32454783148023175
0.9385314570145087
0.0
0.0
0.0
0.0
1.0073324606002314
0.0
0.0
0.507880799695953
0.6331359463526216
0.3841597502592885
0.32385082637331697
0.5928153298093518
0.3238508269638197
5.273644848994463e-09
0.0
0.16070955543493792
0.34685437145348275
1.2875104518601925
0.0
0.843649204664739
0.7318134703214334
0.33736158505010827
0.0
0.0
0.18663810066100667
0.0
0.0
0.0
0.3860477549384609
0.48192767186607466
2.2331927832166922
2.063393442114861
0.0
0.7628047913667599
0.5269381847235417
0.0
0.30392270870293314
5.666681045994617e-43
0.1834778616192441
0.0
4.867411752706343e-37
1.033767185575965
0.8304853214074065
9.037029769864517e-63
0.2973447691066656
0.0
2.26596502791422
0.9263823549739091
0.0
0.0
0.002717301919139909
0.41522087156265874
0.41465567004935916
0.0
0.0
0.5959508072100782
0.0
0.839372501292033
1.2754087419791262
0.12194209027956923
0.0
1.508852674167218
0.20718479913228868
0.0
0.9066737503934104
0.1515437392095498
1.653754079816682
0.0
1.0499411789464708
1.4341036590783998
1.349563714872917
2.306625394159818
0.9606981533624128
1.5343602568883814
0.35538067368515125
1.2049436125878872
0.0
0.23399651839918414
0.0
0.37492833181950114
0.0
2.3755256768456086
0.0
1.3390246262571942e-22
0.5980022951389428
1.8967309290325498e-06
0.004209446054548288
0.0
0.0
0.5312266677304557
0.0
0.3518800956871927
0.419824529860935
0.21117381700789256
0.0
0.0
0.0
0.6350573965568924
9.379801634062103e-09
0.018349043769430428
0.5796512915683621
0.1253941169675974
0.3480137057021808
0.3313803643270241
0.16417425253768278
0.0
3.949533709805096
1.1922513707628136e-181
0.0
1.9194836632770846
0.1904214862831001
0.4216261101834873
0.0
0.27015536183601924
1.4501615202309974
0.0
2.7750332858687434
0.0
0.02164969212379758
0.30396854625334624
1.2043069718278137
0.0
0.0
1.098325268649547
0.0
0.0
0.0
0.0
0.0
0.0
0.0
0.7917187807685111
0.0
0.0
0.0
0.0
0.5195559418944273
1.644364921028878
0.5422255449540866
2.0155442446739675
0.5194039864917801
0.6396113807468695
1.4311002725364563
0.0
0.558211425589243
1.9960153490803336e-135
0.0
0.49706270938915864
0.0
2.186506817349312e-18
0.0
0.0
0.0
0.0
1.0421158265412753
0.0
0.0
0.0
0.0
0.8678885258718483
0.17362345143755695
0.4200001433612436
0.8892053454421757
0.0
0.0
0.4427305387576535
0.0
0.0
1.1551219194614406
0.0
0.0
1.0325429052202086
0.0
0.0
0.0
0.6896651723300931
0.0
0.0
0.9787575663349439
2.8677928376434463
0.5905378891841958
0.0
0.9816202480687763
1.0543260062450655
0.0
0.8241406449709721
0.5403692363927888
0.0
0.413043677609499
0.0
0.0
0.5051340039612335
0.0
0.27235362392602863
0.7842950731038579
0.26816276307620485
0.0
0.0
0.9010767327716782
0.0
0.3371792959536442
0.0
0.0
1.7567975405628202
0.24843266329374983
0.0
0.0
0.0
0.3622138885879853
0.0
0.0
0.0
0.0
0.0
0.5713036958938903
0.3249632256027951
0.0
0.5320569591121195
0.3256704597727653
0.3957317190460441
0.0
0.0
0.0
0.8125334639089643
0.0
1.2471127207412809
0.0
0.21892916817499133
0.9513000076299831
0.0
0.0
5.064758598367153e-15
0.0
0.0
0.6889233008280152
0.0
0.04152882016240427
0.0
0.0
1.8103450856744874
8.841394860337899e-27
0.0
1.689606233996609e-124
0.3078544023182014
0.0
0.0
0.0
0.0
1.375715196577707
0.0
0.0
0.9491948240042787
2.7114791717764386
0.0
0.9643977341727618
0.4670007875300134
0.8005949590588033
0.11564718743855572
0.0
3.4179273385395303
0.0
0.6152905201052957
2.757838408529083
0.15396402248734012
0.0
1.1229135746508825
0.34488031789777174
0.0
0.0
0.0
0.14145229151581973
0.0
0.0
4.766111164175781e-37
0.17419380103240567
1.079876093117344
0.0
0.9053299570371642
0.0
0.0
0.0
0.4764827536629651
1.7600907018183862e-06
0.0
0.0
0.0
0.5718106440432014
1.7632189056035938
0.5876584917526954
0.0
1.6824280368176374
0.0
0.0
0.48697579784481115
0.0
0.0
1.7542486958031052
0.27606573892731323
7.782734829700206e-05
1.331790739914258
0.0
0.0
0.0
1.0769360386349287
1.3125384893824372
0.0
0.018690516227909265
0.0
0.0
2.6101988603257005
1.0512802678439306
0.0
0.6611780605540084
0.28301272307517433
0.0
0.0
0.34459793836573976
1.6181051004455473
0.7938097024296618
0.0
0.0
0.0
0.0
0.06361578403256755
0.0
1.1230562293707782
0.0
0.5616925232472787
8.171461292602471e-27
0.0
0.0
0.0
0.0
0.0
0.11830951773535889
0.0013207428825183583
0.0
0.0
0.0
0.3368847663931903
1.7600006302847595
2.1239948439108787
3.043467516359913
0.0
0.31358717963762184
0.8109725120557676
0.0
0.0
0.33373051399647224
1.6396006505480527
0.0
0.0
0.0
0.0
1.2641926969483221
0.0
0.0
1.2773876357819984
2.7706117184561037
0.0
0.7898670784445772
0.39577634463084804
0.2716163538365179
0.9942100985529464
0.0
0.0
5.496238248242756e-32
0.5979518907506214
0.13357626081727184
1.2024274391406211
0.0
2.0310674198900176
1.839163917778047
0.8803685534812472
0.0
0.0
0.0
0.0
0.0
1.6421472323414539
0.0
0.0
0.0
0.0
2.7746799785554948
0.0
0.0
0.6288425096499614
0.12331472367902499
0.0
0.0
0.0
0.0
0.11199366286836326
1.5527443898735673
0.7178211384156175
0.0
0.9681822464370886
0.28100590496366484
1.632676913416833
0.0
0.0
0.0
0.0
0.3248275520083129
1.378729472670241
0.0
0.15098994423307993
3.3117731608519625
0.3264522745519728
0.0
0.9919366987584733
2.3726402008952005e-18
0.0
0.15114245913451257
0.0
1.0724347224182913
0.0
0.42132784846591453
1.2980881754427473
0.0
3.578461450288568e-135
0.0
1.2439995292436343
0.1904225365415444
0.6890040905161388
0.18261042214516768
0.0
0.3739424129883801
0.21527279076077177
0.0
0.0
0.7669731707348284
0.0
0.0
0.14693152400548762
0.0
0.0
0.8235483492795889
0.0
0.0
0.4697475254376353
1.9010657066259955
0.0
0.0
1.2715553231928054
0.0
0.0
0.0
4.459312408194546e-09
0.0
0.0
0.0