22144.487514910816
15160135.638934737
177227.59960767074
8609490.612857556
26992.526903121554
203113.8297237745
337.32919409292833
1186932.8131146736
3768240.9278084845
2800241.8113583066
14371599.729424037
966.3078011236299
306.5149718086769
306.81303011954896
181613.03343290568
22734621.062062565
316.73529117119415
16340676.75728798
8744320.463333756
19431242.8120139
341.3252784099294
5498038.753614397
21350432.998699788
366683.17120374716
58109.485206032565
266020.1582087661
314.2855805023597
11573535.82234142
13005473.182847157
31744535.66048674
5394.425642437468
19500330.36339096
156717.7110617424
8747.82250648772
658.2980110207075
193926.81592025468
17920392.768749207
36337339.58674735
11846883.059742747
19404255.543066144
8463041.381978594
15952103.034355566
1302.329660669071
218419.8610211357
7002168.724305644
22306874.185346313
73745.00019050499
34849435.7669259
759751.5232498589
18589181.01752957
214756.332506946
302.507978560077
5776607.323398758
319.9806840129535
6943941.655350355
308.51717151966324
10684478.553891795
854496.71411739
322.03485631852305
2873066.204252123
1066190.8728856235
12198895.840974564
4574133.971922572
27786495.020573188
12207.68030646215
632.4392556491165
4563.9425638607445
96743.96695861801
343.2532102503278
1567.347648038958
34180906.45543041
4338344.901166418
13588631.499913665
12461005.346456341
303.17655502696374
5452825.988804895
17456848.857238065
5681.358603633768
339.5251072860579
295.0774441133985
17926002.22171272
23250895.1846539
642.1186716361809
571555.2966476993
37041426.99168033
342.5776916034854
12562696.391731467
21406617.379426338
300.6781707012746
88122.45297351961
2912754.300160349
46763.60838497597
850120.27080396
343.2532102503278
53608433.363970585
2973553.4750456386
965.5948193677831
344.9059423164734
313.49626908557207
137299.49800101755
23252170.36555434
2251276.2504739827
151926.9887556682
310.9099243437247
44779390.33774394
307.8463501411577
327.5935974374013
39269652.809778705
46512236.92994036
27379384.898908798
2192.8573354860227
21219578.025091887
219357.48489633002
166200.87839264816
41059952.80172927
23791475.582845252
588105.6777777665
97379.35704316653
858347.5810033365
344.48362840367975
23850985.10557092
1589795.8529491918
299.12244394720466
619.7721509578769
10034329.030556794
3594420.723721277
1194.8289764506544
10612641.148850892
22486692.808896612
174046.5762363579
21742103.542640895
17462193.300097913
34569.161740983895
11388061.618504593
1362611.050276585
17539.094645974328
332.8797762372717
8028404.586047279
4442.515397665991
333.043876202075
10628507.955208562
337.92049503221256
15929753.813486911
40902652.838775165
11332986.104637392
23416364.477001738
13832901.56773739
5042999.74356844
116176.24264107857
36612.476688431045
3764.298082663049
5661.098739419524
10535927.638498915
20955563.808784354
2850.016762692323
1286.1267337013642
325884.063637121
25114.00083103226
10088708.292447712
34505.32122491609
2586360.224442129
20811.829641230815
27212880.670158282
4258132.111976221
108667.59928719774
638.0652423469248
328.91210004127583
20013003.11801679
6866702.113537922
658.4159263704348
302.4862328997064
23522862.67733837
13976166.963848483
1966.0387161430326
10905524.71594309
34434072.8691926
980.4094305242037
197826.43093758097
907500.6957182421
323.43489041990154
22588998.848652907
10141428.058465434
446295.6204390042
24141434.30084808
17906.284480222574
2644.3507838169076
7052616.250795358
107153.44186235894
42213.933673326595
333.8234582407618
1250.4896109202616
331.6151771883042
24108889.382789753
3167.537782089308
344.82808311639883
10897243.711891662
3445.8285138432193
205559.80990988607
115283.86859030536
408668.3811019419
122724.39037840841
1912.271092051205
461878.30608614517
15278.442363650129
11794849.083437093
339.4108810101468
23018463.912335135
710320.1278591127
462123.83599693736
583814.4317054866
15409455.149435634
1762052.2593936296
20497612.69669637
1323.4635378468108
1140961.9968411021
22714632.59130068
24487551.171715017
22778248.464536887
16204758.949823314
20358596.41060908
136969.04446487795
14575321.041670773
1274.2972707050735
319.47262716066695
8475734.690154247
303.49764100376217
2958561.8659500163
4813.025281513367
17120056.87143519
295.8090368332175
322.27812339139155
335.4853733486362
5733259.502188151
16268653.77913826
325.851690692043
12011843.491130317
128156.27387545673
550200.3331472327
910.1892348995782
409257.60875134694
441418.767888474
1706049.7647078705
17859991.067841228
1545.3642950249657
892630.9367471744
335.8782417632268
11326347.888269536
1949469.3553825647
126042.2432446523
17172570.084132563
14288538.904576136
3845.6074236343406
28083485.648250934
648.3967786711454
42393097.29865662
26474642.10212729
46795274.729498476
11776.83276589181
821683.8593175733
15531271.876088383
20041737.89976743
44243853.66145917
93118.71703219754
26778980.35384718
62870.16087898988
44766.10912228614
314.48127727158794
21820468.405331008
35931160.06474734
1254.9213923707525
226357.67546733737
1557.3288768122222
11537782.204830874
198977.9097678612
300.9454295921109
487794.94282143284
105254.05658364171
652.851263797148
11916035.974777026
627.1135621207582
201430.13938400286
147634.38194128397
4516.014963855136
16427741.897724314
20322500.60599348
108812.20226299546
311.7201768187399
16843442.176132403
1518.0902671225667
1568.6262370164952
18980261.659649134
7060200.501519283
5280.039374650924
29241283.297774293
618.2019006325679
13787035.282469193
506053.94108431734
317.1868425554568
17639107.94821247
836278.6229152407
10889609.3560381
321.70236049324245
66783.48497952093
103314.39729060786
2215.6196880210987
329.42962650134245
34074.07650677418
8918.266083133109
318.4861253484973
308.2965095934361
16716664.90089841
188014.0207411718
4995.067624762468
4669.098137150028
993398.3685803014
6307068.452419906
21616949.33970246
85485.91845747948
618.1785196983751
334.982393879435
636.2077936617532
3010117.2087056763
8144219.111383511
2309.6954891578007
187326.2570821408
612.9038694283132
39043017.33482026
16060631.20306809
185143.83931913163
16370.127251457834
1739711.7204649795
319.9125705662043
298.5326549180617
7598.88268242938
4742436.386053934
102330.43729223062
3197.162178204373
3419.4472843785275
324.15325011616363
19033596.806022413
491762.33453613584
334.9817333352893
65086.955916463885
334.982393879435
6957724.470387842
15155948.313393718
295.7557726908787
297.4455648508481
343.4990764548138
18767747.81550696
15262926.285566837
14983152.395008205
319.6267329033215
100557.12861125387
262680.3578770896
3953.0094479274744
20086119.58571561
620.9864677717426
8453014.521574942
77329.55702033539
13963322.171252897
22764135.508970004
654.7224770550883
21870537.044312764
4132.787893360085
20012474.177591406
15171408.074941376
847137.6633011943
13160682.782007791
927.2514576873559
344.48362840367975
106795.99996729294
4790264.310561797
299.28875094901827
26352877.08846951
17171749.70561594
329.42962650134245
308.2965095934361
734770.9143735087
11410893.276302667
49349827.77322415
4586.261366032754
10755141.418038778
12601058.776322542
284706.69606158586
320.3671727522513
1313.6225428012635
640.8114765640539
14986382.038097842
659084.6271718474
11636831.10434116
3256.0844209569423
30537234.38256479
896406.5991827319
297.88908114902387
1876500.0386791644
13436632.805847894
1586.1106981405326
1243.3433140782042
25237529.857328303
311.2069973423081
12018411.745200278
323.6696602071169
303.973512969258
4757356.209332531
212506.09379392923
11756379.318090202
339.8481352530404
329307.05803847744
16912750.02145933
340.1207332234495
22903679.345370922
8302343.415632638
8684088.95965404
104068.62235416917
22479615.04741438
26729717.62969911
40740627.95536248
330.65170282354035
20036353.568220288
21338622.411501974
12350705.251222724
33460354.993891608
650.7071194429359
24993843.845614657
1567.6657430970884
204123.038238324
10748.17692936866
1321372.3282496217
9370045.13041738
176753.47893348304
308.9167338886125
2792386.775643328
1598.8964742770197
14663275.54865271
32502293.410684753
18147666.940509535
20406724.375257295
12864488.045268647
1516.0235503379354
638.5482799892739
954098.0632984652
115204.34985673323
618.4231397167955
138416.48044270254
28107607.518501364
10980190.976205824
1160.4342793337187
23482.86905584542
45065.43078806815
39342602.374039
7032.535683947149
911.8397060404877
31810291.119932447
327.73038296692596
64263.97824391779
31592355.25094655
332.1285616018936
11107188.742409736
754531.9773870048
1266.827397062636
3655835.196987991
631.7398586826762
937.3567689995416
17969765.479340255
271369.7896661929
314.6690142970161
336.6378117631705
26434.477899134126
299.2204627617313
5845302.196010109
39588.07676853986
341391.7997804943
1558273.4575448774
34537649.366807826
2234155.242378095
13980947.05740892
29379117.162722107
1389902.1780903577
9976726.069937315
29381.437279556183
4239819.540530413
508852.3567245176
328.91210004127583
722154.6453118862
1085908.8758947388
30843640.30848248
645.2387766530348
24009702.668821983
1268.217887536985
42675696.96094817
299.0499479345462
46980897.713980384
30484282.17901522
10034604.723888898
9899947.595260229
2870970.791826938
7670856.887398628
295.90281826037375
22182741.938116036