675.7016496688934
931.4151051575402
1638.4589511954857
344.0088347173134
955.390502122373
664.4104442206046
9672.312781861507
113426.51819488272
643.7794019256469
938.8597138432722
298.17092382683535
318.19826591293827
618.3400522842569
318.81961520573464
310.835902582052
308.2919507257857
541090.060642341
2167180.3791774567
305.39554168571175
317.0202146026373
1562.57957545123
1329.166687019595
625.4922780210954
317.81815378892304
344.3003835655805
1269.8981813029313
303.34152728578107
672.9991557281487
344.5197661856485
321.2635761378015
5002716.2517376505
300.46174121664836
2275.8247078751624
321.79805579746517
295.3702861044964
666.4583589092882
323.75571643253664
310.18986926930006
666.5247462081279
988.7718640675523
296.6720855658671
304.3174020084275
299.75713055213504
104372.69715617444
309.14645836006
3158860.382096193
4130829.4806731828
324.9921976437925
304.60728828611724
326.2281720671218
328.6801795940525
322.9523631299703
318.40807806544893
681.7525295548528
339.6766231451769
303.9422917016979
322.8805600526637
312.47631740498076
323.4202282846433
1604.9572019862271
672.0369607797995
2841.738741509682
297.3121873524433
3878475.847871868
1293.8866585616088
331.7558212733004
1501129.3910443247
84875.53481631825
677.1197980001516
1509337.2895625231
298.8898745324204
318.80964428499726
2184.504202492316
120512.04939084976
337.4960625302582
342.8610421280065
337.9909737139177
2516.2329535547824
297.87119905493427
312.6989500941472
2455248.5599167957
333.62126573110737
124905.89744912832
1230.661157712497
303.3234189211345
3075143.5275521176
316.35212729551785
619.8926934528613
338.9769188247162
2704957.6850225246
2754537.289109917
669.4723941065806
3400221.523127063
1997.2278796465534
344.64118590963125
317.494146010357
310.45310240387255
185196.31987358947
333.26652495930097
929.711873397807
316.1537470409588
2868080.6638689823
3050195.2122165407
321.642965934805
107411.24215864591
297.54167822134696
101159.90549761745
648.2433417632129
308.2919507257857
652.596642809066
317.96709827263084
302.83286127285436
295.416939069624
112025.53269067901
1612.8249019291293
230351.12585638146
602.0386974972645
314.4110484112316
938.7482383545
901960.9220791657
335.07536177850653
655.1705633324024
6121.659997438947
626.7105623358708
642.776909750085
1926.2035693143562
300.3399260998958
324.56548049038804
328.18010241088285
300.1165761871869
3114902.38688539
304.8460924829946
343.5364951265962
330.80428486104313
341.1850229929645
309.15955840277644
332.26363808433575
103182.50434122079
3120602.1020638184
319.41159422297875
940.2691710895213
180303.95107005315
344.880742452889
664.9057182478925
932.9395131188644
326.6154884679995
328.94692584481305
327.04339357484497
343.9364498043822
302.31381423220324
344.62024105196224
11725.363554348793
331.23463061418556
332550.4569611932
308.13481010206044
296.5679949708353
989.0096531152944
2346445.6191589828
340.7207961712751
987883.0314963649
336.86469885369934
301.37155015755366
338.8179363952572
2937679.3800786054
285774.0260928051
340.3146990093808
2283542.3375016474
296.7493710884163
1114145.2288990968
327.3665121728868
981.575814908837
2919965.448039853
341.19659621782586
314.65552298446744
672.5732726061829
642.9979001187745
324.9921976437925
344.2055173372245
649.1884993944429
337.19588486710785
320.1031737900062
303.7818769122052
296.85928258603184
318.2221845405064
628.2824408912677
296.3035857612254
641.1273627793533
330.4472547403208
626.3996659573252
961.3832946633077
643.0824215062407
331.11162916100534
609.8610261901931
656.1775741045153
321.70502938964967
338.33595475034315
312.94855842456184
4117031.603803232
333.3704569835373
323.6382344351126
1277.5476150508766
642.2889006937901
335.6146290930717
2590251.795238885
301.12435860378906
335.1098096280523
307.50658726808354
336.24567113020703
302.7091525426376
343.04638920217354
331.11162916100534
340.06653588578854
978.5340547467885
987579.8113775812
339.59813577745285
2893.2771032858072
310.13345517930867
656.0670436238102
969.7064825847564
325.59917077558134
333.21770692810435
340.42052983417244
1954.2541231062974
338.9531513088968
325.22879977488407
297.083460216784
1960.3833466261913
102156.44560414406
324.69653121303395
302.7837359779859
340.14166190549315
957.1143088893682
1589.460283153424
332.63480907723493
2594.408845827714
3337807.836659851
907.653510837268
317.8814570555355
2947888.4709915603
622.7815761356949
304.3174020084275
300.97279044020377
2626063.094788035
320.85794770528094
344.6708121560385
648.7932522882792
1768973.12122615
1607.321160208556
308.30817638750193
1622.1667515819165
4210084.063204637
340.8609560300903
341.956435287864
665.1622670415314
4588686.095656499
1759.55255385197
651.6544642265278
330.98410220967384
669.4797002101179
311.78262595436485
302.35072832657875
303.5402914006358
326.39432997233223
925.176332144081
922.780850371794
336.25884197006127
948.4693093046365
316.9771271182435
282129.06228409
305.4530710466333
338.735346573374
300459.19487007515
301.85249587786933
305.22636780735786
955.7025730739467
324.452109558312
296.9110059198014
341.58927621715657
314.88527393966973
305.4530710466333
327.0369833983067
980.8615566250434
642.4694535565015
298.2367828590675
339.6766231451769
342.4406835071245
628.5042631146052
961.6956776248503
302.9998572172448
343.29942559359233
330.5063930864338
302.94353495054816
2715377.0851959367
4501967.096154532
1604947.357471598
319.11359807826227
598.6241857193502
5882860.206206396
313.56042309485287
308.2059261927165
336.97441492100415
335.7318973078775
335.50561522641647
335.8033609311288
1592.671988412876
606.3750320737652
2156.783778042791
1934.791848672505
3632799.8896367983
301.0004126122929
2278104.9055264466
1916.2909773891056
310.3580433975853
295.76676059236047
324.2866485063482
973.3317266588704
1785051.8789864806
324.9173591484373
344.42104697294684
3621096.1893007765
114314.53630791938
334.064731440384
327.89058902093973
657.7057974040231
638.3480817178875
542002.8954923059
2248947.027151876
925.9628612249792
628.8478388684833
331.23463061418556
306.7927929517993
2466.899092242169
270376.33880655596
2696079.7115036785
326.48963467704783
1832.9136317943216
302.5455960493319
857625.8776361265
327.85342611322307
990.8855243185907
326.69023614863073
318.54892336974746
301.93321714282246
327.0369833983067
330.5753189437144
312.4415449575795
123966.44709224765
1818705.2880329818
300.9782398080842
338.45270304025104
102843.21109284172
685.4264880475027
314.97445933752516
1883736.5409413974
982.4703635248234
330.9162482621579
328.2536534293895
339.4592820603491
340.27541410891746
656.9666027160199
338.9531513088968
1250.0526898679195
310.835902582052
640.229103732375
638.6252827485052
303.3423098575985
324.2866485063482
237001.95506497234
1026.780386306417
342.5839220549092
2227.5460629654476
319.7083409696254
676.4273059968501
337.3314825819059
4157.529354224331
344.7864889756412
331.35175497647833
2002788.8635812693
304.677405125354
317.7623747848363
303.35684883547435
343.12947931009876
302.10730053050355
295.1942458002457
312.0875437452961
1858.0936682739032
329.8473645851
123358.20817800263
324.4644454069239
628.7515536515853
4215.502247346608
1935322.1033533025
325.9953608314039
196391.82210433204
297.2248826877384
318.19826591293827
308.40251559364265
325.98746441031875
336.5024133268599
2565.6253748679565
1306.2642755766674
296.40220688565256
974.8310648517029
310.4719476848004
654.5460063949772
4398957.09469673
306.0120321598061
1829707.876192367
339.59813577745285
301.8547972902763
326.71286127617844
2912285.846906562
330.8135064540355
343.1959943312328
4287618.0186352795
329.3779371655053
941.6579150988314
1619351.9593836085
331.1467749925109
333.1175944021627
335.47917329637505
3033018.74018643
1636.632486040083
326.2281720671218
3570835.14463563
1315.48691591467
297.2066488175659
619.8971514345114
2592.812059080952
337.8560643657463
331.7413132020735
329.33533748459917
3734135.41277863
962.7388373788663
2895157.9123435193
919.4822155095724
4893438.525249865
337.64173961179256
335.8209206777333
337.09895743791924
297.52182804248594
298.43611684313885
298642.6312188925
329.4048055379287
333.4199773638531
324.42741292370647
316.35212729551785
321.699721707049
310.835902582052
298.6398967110577
339.25436198297956
332.0428358874687
308.7440617143153
221431.6849491241
240042.9477656845
952.3419449060436
308.610104017809
957.4538217671081
2030386.7728153146
301.4661752384329
324.4466750962193
336.97441492100415
341.8767495189081
299.2143716534223
101872.40429284135
322.7687024986494
305.85555441487566
1265.6199975037425
298.36434087728725
315.9496031427695
312.0875437452961
631.1920284547093
628.8295090362708
343.6058030900315
333.6133486276458
1285143.126002359
340.7458301239267
337.8560643657463
341.81049038160813
615.7144538823329
328.5709905169973
321.15091267116264
1205531.055053258
1924.065954020306
619812.8854850887
662.6318194941114
298.7906913545191
335.6409850977451
327.50038956519694
3097853.2613469167
331.10263314500077
646.0253441902556
635.417004079665
328.5709905169973
608.6409983070779
1625.1824822151395
122457.31815824493
307.61711214513343
911.8663921168954
951.3285165801863