2
2
4
1
2
2
12
1
2
2
1
1
2
1
1
1
4
69
1
1
3
3
2
1
1
4
1
2
1
1
91
1
5
1
1
2
1
1
2
2
1
1
1
1
1
71
83
1
1
1
1
1
1
2
1
1
1
1
1
4
2
7
1
66
4
1
82
6
2
96
1
1
6
1
1
1
1
5
1
1
69
1
1
3
1
118
1
2
1
89
67
2
81
5
1
1
1
2
1
3
1
64
73
1
2
1
1
2
1
2
1
1
1
4
5
3
2
1
3
17
1
2
13
2
2
4
1
1
1
1
67
1
1
1
1
1
1
1
68
1
2
2
1
2
3
1
1
1
1
1
1
17
1
44
1
1
3
70
1
66
1
1
1
73
2
1
72
1
77
1
3
73
1
1
2
2
1
1
2
1
1
1
1
1
2
1
2
1
2
3
2
1
2
2
1
1
1
101
1
1
3
2
1
59
1
1
1
1
1
1
1
1
3
97
1
6
1
2
3
1
1
1
4
1
1
1
5
1
1
1
1
3
4
1
4
92
3
1
120
2
1
1
63
1
1
2
78
4
1
2
60
1
1
2
91
4
2
1
2
1
1
1
1
3
3
1
3
1
10
1
1
3
1
1
2
1
1
1
1
1
1
3
2
1
1
1
2
2
1
1
1
1
80
105
64
1
2
96
1
1
1
1
1
1
5
2
4
4
139
1
75
5
1
1
1
3
76
1
1
66
2
1
1
2
2
57
96
3
2
1
1
5
3
66
1
4
1
71
1
3
1
1
1
1
1
1
1
78
1
1
1
2
1
67
2
1
1
1
1
2
1
2
1
2
2
1
1
2
3
1
4
1
2
1
8
1
1
73
1
1
1
1
1
1
1
4
1
3
1
2
9
81
1
2
1
1
1
1
1
7
3
1
3
1
2
79
1
70
1
1
1
72
1
1
65
1
3
61
1
1
1
75
4
1
70
3
1
2
5
1
1
1
67
3
90
2
59
1
1
1
1
1
5
1
1
1
1
1
1
1
1
1
1
2
2
3
1
3
57
1
1
1
1
1
11
1
1
3
1
1
1
2
2
1
1
64
1
1
1
2
1
1
83
4
5
2
1
1
1
73
1
2
2
1
2
4
1
1
2
2